seq #,peptide,start,end,peptide length,allele,peptide index,median binding percentile,consensus percentile,smmpmbec IC50,smmpmbec percentile,smm IC50,smm percentile,ann IC50,ann percentile,comblib_sidney2008 score,comblib_sidney2008 percentile,mhcflurry IC50,mhcflurry percentile
996,FLMDITPEV,1,9,9,HLA-A*02:01,996,0.1,0.1,0.25376399337671474,0.1,0.2692216613940026,0.1,1.98,0.01,2.1877616239495518e-8,0.1,9.5,0.01
1000,FLMDIVIEV,1,9,9,HLA-A*02:01,1000,0.1,0.1,0.1692115485662742,0.1,0.1849737069120172,0.1,1.79,0.01,3.715352290971728e-8,0.1,9.84,0.01
997,FLMDITFEV,1,9,9,HLA-A*02:01,997,0.1,0.1,0.1038556193450764,0.1,0.11223026800217727,0.1,1.68,0.01,3.981071705534969e-8,0.1,9.29,0.01
914,FLMEAIYEV,1,9,9,HLA-A*02:01,914,0.1,0.1,0.13534119288609156,0.1,0.14524794613323525,0.1,1.74,0.01,4.897788193684456e-8,0.1,9.34,0.01
109,FLMDHVIEV,1,9,9,HLA-A*02:01,109,0.1,0.1,0.2314355125978051,0.1,0.24666640255387223,0.1,1.82,0.01,4.897788193684456e-8,0.1,9.5,0.01
21,FLMDHVPEV,1,9,9,HLA-A*02:01,21,0.1,0.1,0.24122926856126586,0.1,0.252412001164481,0.1,2.12,0.01,5.370317963702522e-8,0.1,9.15,0.01
20,FLMDPVPEV,1,9,9,HLA-A*02:01,20,0.1,0.1,0.5760099692394839,0.1,0.5835929005101576,0.1,2.44,0.01,6.30957344480193e-8,0.1,9.94,0.01
160,FLMDEVHPV,1,9,9,HLA-A*02:01,160,0.1,0.1,0.33298908648363507,0.1,0.3573633412351918,0.1,1.87,0.01,6.760829753919818e-8,0.1,9.64,0.01
159,FLMDHVHPV,1,9,9,HLA-A*02:01,159,0.1,0.1,0.197892803001787,0.1,0.20946429289619586,0.1,1.86,0.01,6.918309709189362e-8,0.1,9.4,0.01
718,FLMWHIIEV,1,9,9,HLA-A*02:01,718,0.1,0.1,0.3129176067322958,0.1,0.33892999093435483,0.1,2,0.01,7.079457843841373e-8,0.1,10.05,0.01
766,FLMDEVQYV,1,9,9,HLA-A*02:01,766,0.1,0.1,0.6315823720322008,0.1,0.7081251186895423,0.1,1.9,0.01,7.244359600749892e-8,0.1,9.75,0.01
991,FLDDHTPYV,1,9,9,HLA-A*02:01,991,0.1,0.1,0.7734460039608779,0.1,0.8186721187207132,0.1,2.54,0.01,7.58577575029182e-8,0.1,12.79,0.11
995,FLDDITPEV,1,9,9,HLA-A*02:01,995,0.1,0.1,0.9670078508378975,0.1,0.9888035114070576,0.1,2.47,0.01,7.585775750291836e-8,0.1,14.03,0.16
108,FLMDHVITV,1,9,9,HLA-A*02:01,108,0.1,0.1,0.34548563938405275,0.1,0.3682222267633826,0.1,1.87,0.01,8.128305161640995e-8,0.1,9.24,0.01
719,FLMWPIIEV,1,9,9,HLA-A*02:01,719,0.1,0.1,0.7471881919775646,0.1,0.7836280983738547,0.1,2.41,0.01,8.317637711026709e-8,0.1,11.16,0.05
999,FLMDIFIEV,1,9,9,HLA-A*02:01,999,0.1,0.1,0.19205693775938248,0.1,0.20659033505576516,0.1,1.86,0.01,8.709635899560797e-8,0.1,9.57,0.01
162,FLMDIVHFV,1,9,9,HLA-A*02:01,162,0.1,0.1,0.1391329520947808,0.1,0.15244388214143745,0.1,1.73,0.01,8.709635899560814e-8,0.1,9.32,0.01
913,FLMEQIYEV,1,9,9,HLA-A*02:01,913,0.1,0.1,0.16574101723616314,0.1,0.1706514567719266,0.1,1.78,0.01,9.332543007969905e-8,0.1,9.46,0.01
994,FLDDHTPEV,1,9,9,HLA-A*02:01,994,0.1,0.1,1.322604512168484,0.1,1.3185906746596632,0.1,3.76,0.02,9.99999999999998e-8,0.1,14.73,0.2
765,FLMDEVEYV,1,9,9,HLA-A*02:01,765,0.1,0.1,0.6003852304426153,0.1,0.6778131653445878,0.1,1.93,0.01,1.0471285480508985e-7,0.1,9.93,0.01
161,FLMDEVHFV,1,9,9,HLA-A*02:01,161,0.1,0.1,0.32020639413042334,0.1,0.34682468459690485,0.1,1.83,0.01,1.122018454301963e-7,0.1,9.43,0.01
173,FLMDPVQEV,1,9,9,HLA-A*02:01,173,0.1,0.1,1.5326041598494364,0.1,1.545645877891039,0.1,2.62,0.02,1.1481536214968817e-7,0.1,10.96,0.03
990,FLDDHTPSV,1,9,9,HLA-A*02:01,990,0.1,0.1,1.7117092595314398,0.1,1.706514567719268,0.1,3.55,0.02,1.2882495516931322e-7,0.1,13.63,0.14
783,YLMDHVYPV,1,9,9,HLA-A*02:01,783,0.1,0.1,0.10409503127339445,0.1,0.11537454464934038,0.1,1.72,0.01,1.3182567385564048e-7,0.1,9.22,0.01
911,FLMEVIWEV,1,9,9,HLA-A*02:01,911,0.1,0.1,0.07119180431199913,0.1,0.07535464010827407,0.1,1.65,0.01,1.3489628825916533e-7,0.1,9.47,0.01
781,YLMDNVYFV,1,9,9,HLA-A*02:01,781,0.1,0.1,0.1328709377217913,0.1,0.15000647303251594,0.1,1.7,0.01,1.5488166189124795e-7,0.1,9.26,0.01
687,FLDDTVIEV,1,9,9,HLA-A*02:01,687,0.1,0.1,1.1153983558875464,0.1,1.1697956444415103,0.1,2.47,0.01,1.6218100973589266e-7,0.1,15.88,0.22
767,FLMDEVAYV,1,9,9,HLA-A*02:01,767,0.1,0.1,0.32691135070341226,0.1,0.3665303993095137,0.1,1.88,0.01,1.6982436524617424e-7,0.1,9.41,0.01
110,FLDDHVIEV,1,9,9,HLA-A*02:01,110,0.1,0.1,0.8819216417064253,0.1,0.9059620378557286,0.1,2.26,0.01,1.6982436524617424e-7,0.1,15.01,0.2
992,FLDDHTPAV,1,9,9,HLA-A*02:01,992,0.1,0.1,1.8942181778522915,0.1,1.905943402487782,0.1,3.26,0.02,1.6982436524617424e-7,0.1,14.13,0.16
263,FLMDIVHEV,1,9,9,HLA-A*02:01,263,0.1,0.1,0.1907348270994231,0.1,0.20003684675208946,0.1,1.83,0.01,1.6982436524617461e-7,0.1,9.53,0.01
998,FLMDIFFEV,1,9,9,HLA-A*02:01,998,0.1,0.1,0.08192755609190483,0.1,0.08812720571714808,0.1,1.71,0.01,1.7378008287493727e-7,0.1,9.34,0.01
945,FLDDDTITV,1,9,9,HLA-A*02:01,945,0.1,0.1,1.9338821285262193,0.1,1.963857628270678,0.1,2.9,0.02,1.7782794100389227e-7,0.1,16.85,0.28
350,FLDDHIPSV,1,9,9,HLA-A*02:01,350,0.1,0.1,1.0125815268017087,0.1,1.0188494139977657,0.1,2.5,0.01,1.8620871366628656e-7,0.1,12.99,0.12
198,FLMDIVWHV,1,9,9,HLA-A*02:01,198,0.1,0.1,0.11026304964878957,0.1,0.12025689879632337,0.1,1.66,0.01,1.8620871366628693e-7,0.1,9.31,0.01
377,FLMEIPPEV,1,9,9,HLA-A*02:01,377,0.1,0.1,0.336070196565647,0.1,0.3492287584601617,0.1,2.03,0.01,1.8620871366628693e-7,0.1,9.85,0.01
176,FLMDPVFTV,1,9,9,HLA-A*02:01,176,0.1,0.1,0.35190869697296656,0.1,0.363170028410168,0.1,1.91,0.01,1.9054607179632443e-7,0.1,9.36,0.01
174,FLMDPVQTV,1,9,9,HLA-A*02:01,174,0.1,0.1,2.2878629219207522,0.2,2.307331525704562,0.2,2.65,0.02,1.9054607179632443e-7,0.1,10.32,0.02
912,FLMEQIWEV,1,9,9,HLA-A*02:01,912,0.1,0.1,0.136279333217186,0.1,0.13743900424332417,0.1,1.66,0.01,1.9498445997580455e-7,0.1,9.41,0.01
156,FLMDPVHYV,1,9,9,HLA-A*02:01,156,0.1,0.1,0.36427553105790134,0.1,0.3829217191177222,0.1,1.95,0.01,1.9952623149688787e-7,0.1,9.31,0.01
724,FLMWEVYHV,1,9,9,HLA-A*02:01,724,0.1,0.1,0.49026399520350544,0.1,0.5496800815951072,0.1,2.05,0.01,2.1379620895022282e-7,0.1,9.97,0.01
908,FLMEFIFHV,1,9,9,HLA-A*02:01,908,0.1,0.1,0.08422286292814893,0.1,0.09270646046101579,0.1,1.73,0.01,2.1379620895022324e-7,0.1,9.31,0.01
782,YLMDHVYFV,1,9,9,HLA-A*02:01,782,0.1,0.1,0.10009906019122768,0.1,0.11197214554859464,0.1,1.71,0.01,2.1877616239495474e-7,0.1,9.08,0.01
352,FLDDDIPSV,1,9,9,HLA-A*02:01,352,0.1,0.1,1.0337844611848703,0.1,1.040183594702751,0.1,2.92,0.02,2.187761623949552e-7,0.1,15.91,0.23
770,FLMDPVSSV,1,9,9,HLA-A*02:01,770,0.1,0.1,1.6011425538566137,0.1,1.5962834096600584,0.1,2.62,0.02,2.187761623949552e-7,0.1,10.12,0.02
717,FLMWHPIEV,1,9,9,HLA-A*02:01,717,0.1,0.1,0.6243527084032017,0.1,0.6639112074331944,0.1,2.28,0.01,2.29086765276777e-7,0.1,10.32,0.02
199,FLMDIVSHV,1,9,9,HLA-A*02:01,199,0.1,0.1,0.5853693783201153,0.1,0.6210263105631619,0.1,2.03,0.01,2.3442288153199228e-7,0.1,9.48,0.01
213,YLMDGIIEV,1,9,9,HLA-A*02:01,213,0.1,0.1,0.21302471845912527,0.1,0.22652179792256172,0.1,1.82,0.01,2.398832919019485e-7,0.1,9.56,0.01
325,YLMDPTIEV,1,9,9,HLA-A*02:01,325,0.1,0.1,0.9192422985097638,0.1,0.929201709237379,0.1,2.44,0.01,2.398832919019485e-7,0.1,10.08,0.01
102,FMMDIVIEV,1,9,9,HLA-A*02:01,102,0.1,0.1,0.1699925935871387,0.1,0.1841238299278154,0.1,1.78,0.01,2.39883291901949e-7,0.1,9.72,0.01
720,FLMWPIEEV,1,9,9,HLA-A*02:01,720,0.1,0.1,1.969835681628573,0.1,2.032871840377865,0.1,2.82,0.02,2.39883291901949e-7,0.1,11.06,0.03
727,FLMDPVFHV,1,9,9,HLA-A*02:01,727,0.1,0.1,0.36427553105790134,0.1,0.3776678361684461,0.1,1.94,0.01,2.4547089156850283e-7,0.1,9.33,0.01
172,FLMDPVQHV,1,9,9,HLA-A*02:01,172,0.1,0.1,2.368263382062383,0.2,2.399440582833305,0.2,2.75,0.02,2.4547089156850283e-7,0.1,10.22,0.02
909,FLMEFIWHV,1,9,9,HLA-A*02:01,909,0.1,0.1,0.08325877178848881,0.1,0.09101437686226577,0.1,1.66,0.01,2.5118864315095823e-7,0.1,9.29,0.01
502,FMMDEVPYV,1,9,9,HLA-A*02:01,502,0.1,0.1,0.23846793995806942,0.1,0.26613990651972386,0.1,2.02,0.01,2.570395782768865e-7,0.1,9.29,0.01
127,YLMDWIISV,1,9,9,HLA-A*02:01,127,0.1,0.1,0.10725807543104167,0.1,0.12249264146803054,0.1,1.67,0.01,2.691534803926914e-7,0.1,9.08,0.01
956,FLMDPPYTV,1,9,9,HLA-A*02:01,956,0.1,0.1,0.7185053396689166,0.1,0.7363935908553506,0.1,2.55,0.02,2.691534803926914e-7,0.1,9.88,0.01
35,FLDDEIIHV,1,9,9,HLA-A*02:01,35,0.1,0.1,1.9517761195472083,0.1,2.037558093951797,0.1,2.62,0.02,2.754228703338163e-7,0.1,15.65,0.21
175,FLMDPVSTV,1,9,9,HLA-A*02:01,175,0.1,0.1,1.846843094981894,0.1,1.841238299278155,0.1,2.64,0.02,2.818382931264449e-7,0.1,10.11,0.02
164,FLDDNVHFV,1,9,9,HLA-A*02:01,164,0.1,0.1,0.9625648533455016,0.1,1.0002533164394223,0.1,2.12,0.01,2.818382931264455e-7,0.1,13.85,0.15
910,FLMEVIWHV,1,9,9,HLA-A*02:01,910,0.1,0.1,0.11000945167186664,0.1,0.116979564444151,0.1,1.71,0.01,2.8840315031266057e-7,0.1,9.41,0.01
768,FLMDEVASV,1,9,9,HLA-A*02:01,768,0.1,0.1,0.7234857807517552,0.1,0.7640292757386901,0.1,2.19,0.01,2.8840315031266057e-7,0.1,10.01,0.01
163,FLDDIVHFV,1,9,9,HLA-A*02:01,163,0.1,0.1,0.53018812951204,0.1,0.5598993972976608,0.1,1.97,0.01,3.019951720402013e-7,0.1,12.68,0.11
626,FLMEWVETV,1,9,9,HLA-A*02:01,626,0.1,0.1,0.37190327260559447,0.1,0.41793620994738284,0.1,1.98,0.01,3.019951720402019e-7,0.1,9.57,0.01
9,YLMDFVYEV,1,9,9,HLA-A*02:01,9,0.1,0.1,0.07932863838139273,0.1,0.08853398241655946,0.1,1.68,0.01,3.0902954325135855e-7,0.1,9.15,0.01
582,YLMSDIPEV,1,9,9,HLA-A*02:01,582,0.1,0.1,0.5500852500981416,0.1,0.5371678353527661,0.1,2.17,0.01,3.0902954325135855e-7,0.1,9.66,0.01
721,FLMWPVEEV,1,9,9,HLA-A*02:01,721,0.1,0.1,2.3143551259780533,0.2,2.3939220226312123,0.2,3.02,0.02,3.0902954325135855e-7,0.1,11.41,0.07
90,YLMDEIPEV,1,9,9,HLA-A*02:01,90,0.1,0.1,0.39942017719346823,0.1,0.4188996524126871,0.1,2.18,0.01,3.162277660168373e-7,0.1,9.68,0.01
89,YLMDHIPEV,1,9,9,HLA-A*02:01,89,0.1,0.1,0.23737227929892055,0.1,0.24553307338073707,0.1,2.1,0.01,3.235936569296274e-7,0.1,9.06,0.01
957,FLMDPPYQV,1,9,9,HLA-A*02:01,957,0.1,0.1,0.9827204644097143,0.1,1.0141682261588036,0.1,2.9,0.02,3.235936569296274e-7,0.1,9.99,0.01
419,YLMDWVWFV,1,9,9,HLA-A*02:01,419,0.1,0.1,0.02995228779679253,0.1,0.03557214058283523,0.1,1.56,0.01,3.235936569296281e-7,0.1,9.2,0.01
771,FLMDPVSQV,1,9,9,HLA-A*02:01,771,0.1,0.1,2.5259805373593895,0.2,2.535770820256061,0.2,2.89,0.02,3.3884415613920205e-7,0.1,10.26,0.02
376,FLMEIPFEV,1,9,9,HLA-A*02:01,376,0.1,0.1,0.13754031036205117,0.1,0.1455827772293983,0.1,1.73,0.01,3.3884415613920274e-7,0.1,9.53,0.01
126,YLMDWIITV,1,9,9,HLA-A*02:01,126,0.1,0.1,0.12371717653355548,0.1,0.14128953636041086,0.1,1.68,0.01,3.4673685045253095e-7,0.1,9.09,0.01
784,YLMDHVSPV,1,9,9,HLA-A*02:01,784,0.1,0.1,0.4543912920837189,0.1,0.4798549730057696,0.1,2,0.01,3.4673685045253095e-7,0.1,9.73,0.01
227,FMMDHIPSV,1,9,9,HLA-A*02:01,227,0.1,0.1,0.2669500459814329,0.1,0.2761277155973631,0.1,2.33,0.01,3.4673685045253164e-7,0.1,9.26,0.01
769,FLMDPVASV,1,9,9,HLA-A*02:01,769,0.1,0.1,1.0266679390108835,0.1,1.0354043852073027,0.1,2.49,0.01,3.4673685045253164e-7,0.1,10.15,0.02
58,FLMDHITTV,1,9,9,HLA-A*02:01,58,0.1,0.1,0.4835373210128153,0.1,0.5036281537693696,0.1,2.01,0.01,3.6307805477010174e-7,0.1,9.19,0.01
128,YLMDEIISV,1,9,9,HLA-A*02:01,128,0.1,0.1,0.49594098471123965,0.1,0.529797616349357,0.1,1.85,0.01,3.71535229097172e-7,0.1,9.53,0.01
19,FLMDPVGEV,1,9,9,HLA-A*02:01,19,0.1,0.1,2.537639933767147,0.2,2.6430781228998494,0.2,3.59,0.02,3.71535229097172e-7,0.1,11.65,0.08
106,FMMDWVITV,1,9,9,HLA-A*02:01,106,0.1,0.1,0.12630775033594016,0.1,0.1445805924402051,0.1,1.72,0.01,3.715352290971728e-7,0.1,9.27,0.01
103,FMMDDVIEV,1,9,9,HLA-A*02:01,103,0.1,0.1,0.2373722792989209,0.1,0.2506744091704893,0.1,1.96,0.01,3.715352290971728e-7,0.1,9.98,0.01
854,FLMAEIHHV,1,9,9,HLA-A*02:01,854,0.1,0.1,1.2201971323526077,0.1,1.210904797959244,0.1,2.14,0.01,3.715352290971728e-7,0.1,9.51,0.01
725,FLMWEVFHV,1,9,9,HLA-A*02:01,725,0.1,0.1,0.40778382948632963,0.1,0.4509309038238866,0.1,2,0.01,3.8018939632056046e-7,0.1,9.82,0.01
915,YLMEAIYEV,1,9,9,HLA-A*02:01,915,0.1,0.1,0.15646960996849255,0.1,0.1663834020140051,0.1,1.73,0.01,3.8018939632056126e-7,0.1,9.28,0.01
309,YLMDFIPTV,1,9,9,HLA-A*02:01,309,0.1,0.1,0.20484718486951814,0.1,0.22085640569160958,0.1,1.73,0.01,3.890451449942805e-7,0.1,9.19,0.01
262,FLMGIVHEV,1,9,9,HLA-A*02:01,262,0.1,0.1,0.4389651071227938,0.1,0.4346202927544512,0.1,2.01,0.01,3.981071705534969e-7,0.1,9.55,0.01
353,FLDEDIPSV,1,9,9,HLA-A*02:01,353,0.1,0.1,1.159925243220036,0.1,1.1537454464934038,0.1,2.47,0.01,3.981071705534977e-7,0.1,14.94,0.2
624,FLMEPVWTV,1,9,9,HLA-A*02:01,624,0.1,0.1,0.39032826395422215,0.1,0.3954667729325898,0.1,1.83,0.01,4.073802778041122e-7,0.1,9.45,0.01
611,FLMNPVTEV,1,9,9,HLA-A*02:01,611,0.1,0.1,2.3791947891579843,0.2,2.2914479672047583,0.2,2.95,0.02,4.073802778041122e-7,0.1,10.66,0.03
684,FLDDVVEEV,1,9,9,HLA-A*02:01,684,0.1,0.1,1.7759469963826773,0.1,1.8201618187523003,0.1,2.81,0.02,4.0738027780411303e-7,0.1,16.11,0.23
22,YLMDHVPEV,1,9,9,HLA-A*02:01,22,0.1,0.1,0.27888811055872487,0.1,0.2891412139100787,0.1,2.19,0.01,4.1686938347033467e-7,0.1,9.12,0.01
585,YLMWWIPEV,1,9,9,HLA-A*02:01,585,0.1,0.1,0.1372239764263921,0.1,0.15671479539106903,0.1,1.71,0.01,4.265795188015917e-7,0.1,9.73,0.01
111,FLDDHPIEV,1,9,9,HLA-A*02:01,111,0.1,0.1,1.497717829996578,0.1,1.5069887145243575,0.1,3.33,0.02,4.265795188015917e-7,0.1,16.8,0.28
92,YLMDAIPHV,1,9,9,HLA-A*02:01,92,0.1,0.1,0.43795551539228544,0.1,0.4582579415860263,0.1,1.93,0.01,4.3651583224016567e-7,0.1,9.38,0.01
420,YLMDEVWFV,1,9,9,HLA-A*02:01,420,0.1,0.1,0.1384936942472553,0.1,0.15385442801597976,0.1,1.62,0.01,4.466835921509626e-7,0.1,9.27,0.01
264,FLWDIVHEV,1,9,9,HLA-A*02:01,264,0.1,0.1,0.1969835681628572,0.1,0.20142343593193412,0.1,1.92,0.01,4.466835921509635e-7,0.1,9.9,0.01
228,FMMDHIPTV,1,9,9,HLA-A*02:01,228,0.1,0.1,0.30791440021277405,0.1,0.31850041313047434,0.1,2.19,0.01,4.466835921509635e-7,0.1,9.21,0.01
726,FLMWPVFHV,1,9,9,HLA-A*02:01,726,0.1,0.1,0.5786687104557584,0.1,0.611096786564014,0.1,2.3,0.01,4.5708818961487426e-7,0.1,10.1,0.01
158,FLMDHVHNV,1,9,9,HLA-A*02:01,158,0.1,0.1,0.5229136756629087,0.1,0.5273634174140756,0.1,2.15,0.01,4.5708818961487516e-7,0.1,9.14,0.01
59,FLMDHVTTV,1,9,9,HLA-A*02:01,59,0.1,0.1,0.5681068161799672,0.1,0.5930755223120654,0.1,2.08,0.01,4.677351412871981e-7,0.1,9.23,0.01
212,YLMDGIFEV,1,9,9,HLA-A*02:01,212,0.1,0.1,0.09087198189313843,0.1,0.09662955955587801,0.1,1.7,0.01,4.78630092322637e-7,0.1,9.05,0.01
105,FMMDWVIHV,1,9,9,HLA-A*02:01,105,0.1,0.1,0.1307464783511387,0.1,0.15035227366608173,0.1,1.74,0.01,4.78630092322638e-7,0.1,9.14,0.01
236,YLMDEIIAV,1,9,9,HLA-A*02:01,236,0.1,0.1,0.5488200891307621,0.1,0.5917114864623425,0.1,1.85,0.01,4.897788193684457e-7,0.1,9.91,0.01
748,YLMDFIHFV,1,9,9,HLA-A*02:01,748,0.1,0.1,0.10825052218380943,0.1,0.11915437692113383,0.1,1.67,0.01,5.011872336272714e-7,0.1,9.06,0.01
10,YLMDPVYEV,1,9,9,HLA-A*02:01,10,0.1,0.1,0.3276649591971511,0.1,0.339711305255199,0.1,2.01,0.01,5.011872336272714e-7,0.1,9.69,0.01
625,FLMEPVETV,1,9,9,HLA-A*02:01,625,0.1,0.1,2.4402257184271976,0.2,2.449683629825089,0.2,2.84,0.02,5.011872336272714e-7,0.1,10.34,0.02
214,YLMDGIIHV,1,9,9,HLA-A*02:01,214,0.1,0.1,0.32917739193038403,0.1,0.3516494965673346,0.1,1.9,0.01,5.128613839913638e-7,0.1,9.28,0.01
326,YLMDPTIHV,1,9,9,HLA-A*02:01,326,0.1,0.1,1.4204632427837085,0.1,1.4424806630509541,0.1,2.62,0.02,5.128613839913638e-7,0.1,9.77,0.01
412,YLMDHIWYV,1,9,9,HLA-A*02:01,412,0.1,0.1,0.056160375123040715,0.1,0.06238928377700876,0.1,1.59,0.01,5.248074602497713e-7,0.1,9.03,0.01
8,YLMDFVYAV,1,9,9,HLA-A*02:01,8,0.1,0.1,0.11361351595567748,0.1,0.1279705392474157,0.1,1.69,0.01,5.248074602497723e-7,0.1,9.36,0.01
375,FLMEPPFEV,1,9,9,HLA-A*02:01,375,0.1,0.1,0.44918991797452545,0.1,0.4488590645175171,0.1,2.16,0.01,5.248074602497723e-7,0.1,10.05,0.01
772,FLMDPVHQV,1,9,9,HLA-A*02:01,772,0.1,0.1,1.2718327383468515,0.1,1.267972982914931,0.1,2.53,0.01,5.248074602497723e-7,0.1,9.66,0.01
107,FMMDHVITV,1,9,9,HLA-A*02:01,107,0.1,0.1,0.34708032863964694,0.1,0.3665303993095133,0.1,1.88,0.01,5.248074602497734e-7,0.1,9.23,0.01
310,YLMDKIPTV,1,9,9,HLA-A*02:01,310,0.1,0.1,0.5277521363317573,0.1,0.5421381881373442,0.1,2.03,0.01,5.370317963702511e-7,0.1,9.24,0.01
974,YLMDHPPFV,1,9,9,HLA-A*02:01,974,0.1,0.1,0.3454856393840526,0.1,0.36653039930951387,0.1,2.42,0.01,5.370317963702521e-7,0.1,9.33,0.01
157,FLMDPVHNV,1,9,9,HLA-A*02:01,157,0.1,0.1,1.2486191747374955,0.1,1.2192983890297586,0.1,2.57,0.02,5.370317963702533e-7,0.1,9.67,0.01
723,FLMWEVEHV,1,9,9,HLA-A*02:01,723,0.1,0.1,2.52017094333799,0.2,2.7422686577355257,0.2,2.95,0.02,5.495408738576237e-7,0.1,10.67,0.03
165,FLDDNVHEV,1,9,9,HLA-A*02:01,165,0.1,0.1,1.3195626062024945,0.1,1.3125323008254328,0.1,2.65,0.02,5.495408738576248e-7,0.1,15.32,0.2
93,YLMDAVPHV,1,9,9,HLA-A*02:01,93,0.1,0.1,0.5145528642066775,0.1,0.5396472894250537,0.1,1.98,0.01,5.62341325190348e-7,0.1,9.45,0.01
519,YLMDEVQYV,1,9,9,HLA-A*02:01,519,0.1,0.1,0.7301801122591516,0.1,0.811166487621527,0.1,1.92,0.01,5.62341325190348e-7,0.1,9.78,0.01
500,FMMDIVPHV,1,9,9,HLA-A*02:01,500,0.1,0.1,0.2737978288737586,0.1,0.2924893113712016,0.1,1.88,0.01,5.62341325190349e-7,0.1,9.37,0.01
171,FLMDPVHHV,1,9,9,HLA-A*02:01,171,0.1,0.1,0.962564853345501,0.1,0.9574365442888207,0.1,2.41,0.01,5.62341325190349e-7,0.1,9.54,0.01
518,YLMDHVQYV,1,9,9,HLA-A*02:01,518,0.1,0.1,0.43394031509265235,0.1,0.4754556361697732,0.1,1.86,0.01,5.754399373371555e-7,0.1,9.31,0.01
132,YLMDHIIKV,1,9,9,HLA-A*02:01,132,0.1,0.1,0.5437884763096544,0.1,0.5547662087687296,0.1,1.91,0.01,5.754399373371555e-7,0.1,9.22,0.01
237,YLMDEIIQV,1,9,9,HLA-A*02:01,237,0.1,0.1,0.782402086586244,0.1,0.841608280866624,0.1,1.94,0.01,5.754399373371555e-7,0.1,9.76,0.01
757,YLMDIIFSV,1,9,9,HLA-A*02:01,757,0.1,0.1,0.09192422985097642,0.1,0.09933676210422528,0.1,1.65,0.01,5.754399373371567e-7,0.1,9.3,0.01
498,FMMDIVYHV,1,9,9,HLA-A*02:01,498,0.1,0.1,0.13471935658963355,0.1,0.148631205421312,0.1,1.76,0.01,5.754399373371567e-7,0.1,9.37,0.01
133,YLMDHIIQV,1,9,9,HLA-A*02:01,133,0.1,0.1,0.46497542494266664,0.1,0.4932987329869702,0.1,1.88,0.01,5.888436553555872e-7,0.1,9.13,0.01
962,YLMDWVPQV,1,9,9,HLA-A*02:01,962,0.1,0.1,0.2072192034769838,0.1,0.23448226470166103,0.1,1.85,0.01,5.888436553555884e-7,0.1,9.1,0.01
88,YLMEHIPEV,1,9,9,HLA-A*02:01,88,0.1,0.1,0.26633607791310865,0.1,0.2723391013078886,0.1,1.91,0.01,5.888436553555884e-7,0.1,9.12,0.01
417,YLMDWITFV,1,9,9,HLA-A*02:01,417,0.1,0.1,0.09940998310776125,0.1,0.11617428278677727,0.1,1.65,0.01,6.165950018614809e-7,0.1,9.08,0.01
907,FLMEFITHV,1,9,9,HLA-A*02:01,907,0.1,0.1,0.32466090879452253,0.1,0.3500338138920616,0.1,1.88,0.01,6.165950018614822e-7,0.1,9.26,0.01
415,YLMDPITPV,1,9,9,HLA-A*02:01,415,0.1,0.1,0.6783127805839523,0.1,0.7016329885785811,0.1,2,0.01,6.165950018614822e-7,0.1,10.15,0.02
762,YLMDIVEYV,1,9,9,HLA-A*02:01,762,0.1,0.1,0.30159907137153824,0.1,0.3412793413954567,0.1,1.8,0.01,6.309573444801917e-7,0.1,9.5,0.01
497,FMMDVVYHV,1,9,9,HLA-A*02:01,497,0.1,0.1,0.14074403574960706,0.1,0.15350057265092523,0.1,1.78,0.01,6.30957344480193e-7,0.1,9.35,0.01
94,YLMDNVPHV,1,9,9,HLA-A*02:01,94,0.1,0.1,0.5720447445021797,0.1,0.6013260246739317,0.1,2.1,0.01,6.30957344480193e-7,0.1,9.38,0.01
728,FLWDPVFHV,1,9,9,HLA-A*02:01,728,0.1,0.1,0.3762097095398376,0.1,0.3802857045447433,0.1,2.04,0.01,6.45654229034655e-7,0.1,9.71,0.01
445,YMMDHIPPV,1,9,9,HLA-A*02:01,445,0.1,0.1,0.18089643161559713,0.1,0.19191547710041068,0.1,2.07,0.01,6.456542290346562e-7,0.1,9.57,0.01
387,FLMWFVHHV,1,9,9,HLA-A*02:01,387,0.1,0.1,0.3701945322823704,0.1,0.40374764298134064,0.1,2.15,0.01,6.456542290346562e-7,0.1,9.76,0.01
323,YLMDPLIEV,1,9,9,HLA-A*02:01,323,0.1,0.1,0.5746851830726596,0.1,0.5822506740853736,0.1,2.03,0.01,6.606934480075951e-7,0.1,10.04,0.01
581,YLMSDIPHV,1,9,9,HLA-A*02:01,581,0.1,0.1,0.8500216748387521,0.1,0.8338923697689361,0.1,2.14,0.01,6.606934480075951e-7,0.1,9.45,0.01
722,FLMWPVEHV,1,9,9,HLA-A*02:01,722,0.1,0.1,3.576267533086071,0.2,3.716293450785273,0.2,3.71,0.02,6.606934480075951e-7,0.1,10.64,0.03
95,YLMDIVPHV,1,9,9,HLA-A*02:01,95,0.1,0.1,0.3150866479600631,0.1,0.3365968132880693,0.1,1.82,0.01,6.760829753919805e-7,0.1,9.24,0.01
91,YLMDEIPHV,1,9,9,HLA-A*02:01,91,0.1,0.1,0.6172058020494269,0.1,0.6502943788814114,0.1,2.1,0.01,6.760829753919805e-7,0.1,9.38,0.01
847,FLMGHIHTV,1,9,9,HLA-A*02:01,847,0.1,0.1,0.7628339269500494,0.1,0.7346999325949026,0.1,2.21,0.01,6.760829753919819e-7,0.1,9.18,0.01
855,FLMWEIHHV,1,9,9,HLA-A*02:01,855,0.1,0.1,0.9171280998915822,0.1,0.9707558133748164,0.1,2.22,0.01,6.760829753919819e-7,0.1,9.66,0.01
716,FLMHHPIEV,1,9,9,HLA-A*02:01,716,0.1,0.1,1.1335221212008413,0.1,1.089205937227457,0.1,2.54,0.01,6.760829753919819e-7,0.1,10.13,0.02
196,YLMDIVYHV,1,9,9,HLA-A*02:01,196,0.1,0.1,0.15503508796169424,0.1,0.17104484900812636,0.1,1.76,0.01,6.918309709189348e-7,0.1,9.33,0.01
55,YLMDHIHFV,1,9,9,HLA-A*02:01,55,0.1,0.1,0.1872535241671308,0.1,0.19774704390219414,0.1,1.79,0.01,6.918309709189348e-7,0.1,9.02,0.01
238,YLMDDIIQV,1,9,9,HLA-A*02:01,238,0.1,0.1,0.47471177027772554,0.1,0.5036281537693699,0.1,1.94,0.01,6.918309709189348e-7,0.1,9.77,0.01
61,YLMDHVPTV,1,9,9,HLA-A*02:01,61,0.1,0.1,0.4163226123401135,0.1,0.4316283877038501,0.1,2.1,0.01,6.918309709189363e-7,0.1,9,0.01
252,FLMWHVHTV,1,9,9,HLA-A*02:01,252,0.1,0.1,0.6186286083662113,0.1,0.6443324441799029,0.1,2.39,0.01,6.918309709189363e-7,0.1,9.54,0.01
265,FLWDPVHEV,1,9,9,HLA-A*02:01,265,0.1,0.1,0.6433243649987908,0.1,0.6210263105631623,0.1,2.38,0.01,6.918309709189363e-7,0.1,10.52,0.03
848,FLMGHIHAV,1,9,9,HLA-A*02:01,848,0.1,0.1,0.731863351257657,0.1,0.7113936757282769,0.1,2.15,0.01,6.918309709189363e-7,0.1,9.48,0.01
211,YLMDQIFEV,1,9,9,HLA-A*02:01,211,0.1,0.1,0.14204632427837077,0.1,0.14458059244020524,0.1,1.73,0.01,7.079457843841374e-7,0.1,9.16,0.01
584,YLMWDIPEV,1,9,9,HLA-A*02:01,584,0.1,0.1,0.3849727594000934,0.1,0.4056112574267391,0.1,1.99,0.01,7.079457843841374e-7,0.1,9.79,0.01
185,YLMWHVIEV,1,9,9,HLA-A*02:01,185,0.1,0.1,0.42504019289834793,0.1,0.4572039775675704,0.1,2.01,0.01,7.079457843841374e-7,0.1,9.89,0.01
615,YLMSPVFEV,1,9,9,HLA-A*02:01,615,0.1,0.1,0.6186286083662116,0.1,0.5971865254368438,0.1,1.93,0.01,7.244359600749891e-7,0.1,9.57,0.01
501,FMMDEVPHV,1,9,9,HLA-A*02:01,501,0.1,0.1,0.6301297728857268,0.1,0.6654416808289133,0.1,2.36,0.01,7.244359600749906e-7,0.1,9.4,0.01
977,YLMDHFPYV,1,9,9,HLA-A*02:01,977,0.1,0.1,0.18511005080083504,0.1,0.2004979793082056,0.1,1.82,0.01,7.413102413009162e-7,0.2,9.04,0.01
189,YLMEEVPEV,1,9,9,HLA-A*02:01,189,0.1,0.1,0.5265383401006832,0.1,0.5471545310299991,0.1,2.04,0.01,7.413102413009162e-7,0.2,9.91,0.01
822,YLMGEIPEV,1,9,9,HLA-A*02:01,822,0.1,0.1,0.9192422985097634,0.1,0.9101437686226577,0.1,2.2,0.01,7.413102413009162e-7,0.2,9.91,0.01
203,YLMDVVWEV,1,9,9,HLA-A*02:01,203,0.1,0.1,0.08618466542419727,0.1,0.09164525838342832,0.1,1.63,0.01,7.413102413009177e-7,0.2,9.39,0.01
87,YLMEHIPSV,1,9,9,HLA-A*02:01,87,0.1,0.1,0.3446910444632448,0.1,0.35246013237689594,0.1,1.92,0.01,7.585775750291836e-7,0.2,9.08,0.01
821,YLMGEIYEV,1,9,9,HLA-A*02:01,821,0.1,0.1,0.4523035537374938,0.1,0.46249815011325746,0.1,1.87,0.01,7.585775750291836e-7,0.2,9.49,0.01
473,FMMWPVPEV,1,9,9,HLA-A*02:01,473,0.1,0.1,0.9192422985097638,0.1,0.939961357927712,0.1,2.3,0.01,7.585775750291836e-7,0.2,10.41,0.02
349,FLDDHIHSV,1,9,9,HLA-A*02:01,349,0.1,0.1,1.0950400415404706,0.1,1.0767378999649142,0.1,2.43,0.01,7.762471166286911e-7,0.2,12.63,0.11
944,FLDDDFITV,1,9,9,HLA-A*02:01,944,0.1,0.1,1.5255624833696129,0.1,1.5420909910189562,0.1,2.68,0.02,7.762471166286927e-7,0.2,15.13,0.2
418,YLMDWVTFV,1,9,9,HLA-A*02:01,418,0.1,0.1,0.11679654608988865,0.1,0.1368075293792044,0.1,1.66,0.01,7.943282347242805e-7,0.2,9.09,0.01
976,YLMDHPPYV,1,9,9,HLA-A*02:01,976,0.1,0.1,0.27696825830966126,0.1,0.2986138865413298,0.1,2.57,0.02,7.943282347242805e-7,0.2,9.26,0.01
780,YLMDNVTFV,1,9,9,HLA-A*02:01,780,0.1,0.1,0.42602001173565535,0.1,0.4646329445783262,0.1,1.86,0.01,7.943282347242805e-7,0.2,9.34,0.01
104,FMMDDVIHV,1,9,9,HLA-A*02:01,104,0.1,0.1,0.3668005684100099,0.1,0.38914369652518477,0.1,1.99,0.01,7.943282347242822e-7,0.2,9.58,0.01
777,YLMDDIHFV,1,9,9,HLA-A*02:01,777,0.1,0.1,0.19117451628563426,0.1,0.20188776490622595,0.1,1.8,0.01,8.128305161640978e-7,0.2,9.21,0.01
776,YLMDPIHFV,1,9,9,HLA-A*02:01,776,0.1,0.1,0.44712607777153046,0.1,0.4572039775675707,0.1,1.93,0.01,8.128305161640978e-7,0.2,9.28,0.01
764,YLMDEVEYV,1,9,9,HLA-A*02:01,764,0.1,0.1,0.6941127149460316,0.1,0.7764437527843883,0.1,1.93,0.01,8.128305161640978e-7,0.2,9.92,0.01
961,YLMDEVPQV,1,9,9,HLA-A*02:01,961,0.1,0.1,0.9581422695722893,0.1,1.014168226158804,0.1,2.32,0.01,8.128305161640978e-7,0.2,9.57,0.01
125,YLMDWIWTV,1,9,9,HLA-A*02:01,125,0.1,0.1,0.052171100758257004,0.1,0.05917114864623422,0.1,1.58,0.01,8.128305161640995e-7,0.2,9.1,0.01
734,FLWEIVHEV,1,9,9,HLA-A*02:01,734,0.1,0.1,0.2210191986729744,0.1,0.22341380233932107,0.1,1.99,0.01,8.128305161640995e-7,0.2,10,0.01
636,FMMEHVHPV,1,9,9,HLA-A*02:01,636,0.1,0.1,0.22306426413905572,0.1,0.2312650474195954,0.1,1.87,0.01,8.128305161640995e-7,0.2,9.56,0.01
790,YLMEHVWFV,1,9,9,HLA-A*02:01,790,0.1,0.1,0.09234853281747143,0.1,0.10002533164394224,0.1,1.62,0.01,8.317637711026692e-7,0.2,9.17,0.01
253,FLMWHVHQV,1,9,9,HLA-A*02:01,253,0.1,0.1,0.8461161800007129,0.1,0.8873807432401425,0.1,2.43,0.01,8.317637711026692e-7,0.2,9.52,0.01
154,FMMDIVHYV,1,9,9,HLA-A*02:01,154,0.1,0.1,0.11205468007751905,0.1,0.12362605192476625,0.1,1.71,0.01,8.317637711026709e-7,0.2,9.22,0.01
201,YLMDIVSEV,1,9,9,HLA-A*02:01,201,0.1,0.1,0.4379555153922852,0.1,0.45825794158602606,0.1,1.95,0.01,8.511380382023742e-7,0.2,9.64,0.01
273,YLWDHIPEV,1,9,9,HLA-A*02:01,273,0.1,0.1,0.2451489288575401,0.1,0.24723502733757816,0.1,1.95,0.01,8.511380382023759e-7,0.2,9.39,0.01
139,YLMDTVPHV,1,9,9,HLA-A*02:01,139,0.1,0.1,0.5450420382115666,0.1,0.5795754752411593,0.1,2.03,0.01,8.511380382023759e-7,0.2,9.23,0.01
178,YLMDPVFEV,1,9,9,HLA-A*02:01,178,0.1,0.1,0.2725398421200253,0.1,0.27868269389240075,0.1,1.87,0.01,8.912509381337441e-7,0.2,9.54,0.01
920,YLMDAIETV,1,9,9,HLA-A*02:01,920,0.1,0.1,1.070113887030345,0.1,1.1171461676018102,0.1,2.11,0.01,8.912509381337441e-7,0.2,9.83,0.01
209,YLMDFIFHV,1,9,9,HLA-A*02:01,209,0.1,0.1,0.08678206898502137,0.1,0.09574365442888212,0.1,1.66,0.01,9.120108393559078e-7,0.2,9.04,0.01
755,YLMDIIFNV,1,9,9,HLA-A*02:01,755,0.1,0.1,0.14237377487392308,0.1,0.15174346612568457,0.1,1.69,0.01,9.120108393559096e-7,0.2,9.23,0.01
729,FLADPVFHV,1,9,9,HLA-A*02:01,729,0.1,0.1,1.2400237407979098,0.1,1.2505757413836105,0.1,2.4,0.01,9.120108393559096e-7,0.2,9.75,0.01
202,YLMDVVSEV,1,9,9,HLA-A*02:01,202,0.1,0.1,0.4575409820495866,0.1,0.47327111595370863,0.1,1.98,0.01,9.332543007969905e-7,0.2,9.68,0.01
966,YLMDPPPYV,1,9,9,HLA-A*02:01,966,0.1,0.1,0.6613479322006208,0.1,0.6904146529296991,0.1,3.14,0.02,9.332543007969905e-7,0.2,10.03,0.01
756,YLMDIIFHV,1,9,9,HLA-A*02:01,756,0.1,0.1,0.10975643695410549,0.1,0.11915437692113386,0.1,1.69,0.01,9.54992586021435e-7,0.2,9.18,0.01
449,YLMDDVPQV,1,9,9,HLA-A*02:01,449,0.1,0.1,0.581339723863891,0.1,0.6068900258751848,0.1,2.36,0.01,9.772372209558092e-7,0.2,9.54,0.01
763,YLMDPVEYV,1,9,9,HLA-A*02:01,763,0.1,0.1,0.984985869044202,0.1,1.0522283530595085,0.1,2.15,0.01,9.772372209558092e-7,0.2,9.82,0.01
963,YLMDPVPQV,1,9,9,HLA-A*02:01,963,0.1,0.1,1.3596589944848148,0.1,1.3743900424332427,0.1,2.64,0.02,9.772372209558092e-7,0.2,9.76,0.01
348,FLDDHITSV,1,9,9,HLA-A*02:01,348,0.1,0.1,1.5974600281717484,0.1,1.6036515191039318,0.1,2.53,0.01,9.772372209558092e-7,0.2,13.69,0.14
342,YLMDELPTV,1,9,9,HLA-A*02:01,342,0.1,0.1,0.6301297728857259,0.1,0.656311478685509,0.1,2.03,0.01,0.000001,0.2,9.41,0.01
580,YLMNDIPHV,1,9,9,HLA-A*02:01,580,0.1,0.1,0.9804602700612994,0.1,0.9707558133748164,0.1,2.34,0.01,0.000001,0.2,9.53,0.01
33,YLDDEIIEV,1,9,9,HLA-A*02:01,33,0.1,0.1,1.4602593644712327,0.1,1.5035227366608195,0.1,2.43,0.01,0.000001,0.2,17.33,0.32
54,YLMDHIHYV,1,9,9,HLA-A*02:01,54,0.1,0.1,0.1501170426168234,0.1,0.16110536381957458,0.1,1.77,0.01,0.0000010232929922807516,0.2,8.95,0.01
778,YLMDDITFV,1,9,9,HLA-A*02:01,778,0.1,0.1,0.27888811055872503,0.1,0.3006837791173844,0.1,1.83,0.01,0.0000010232929922807537,0.2,9.32,0.01
341,YLMDELYTV,1,9,9,HLA-A*02:01,341,0.1,0.1,0.31004876086975064,0.1,0.33351087515492545,0.1,1.77,0.01,0.0000010232929922807537,0.2,9.26,0.01
416,YLMDPITFV,1,9,9,HLA-A*02:01,416,0.1,0.1,0.652273898394093,0.1,0.6809418087637539,0.1,1.97,0.01,0.0000010232929922807537,0.2,9.55,0.01
340,YLMDHLYTV,1,9,9,HLA-A*02:01,340,0.1,0.1,0.1842595473733676,0.1,0.19548345220877544,0.1,1.74,0.01,0.0000010471285480508985,0.2,8.98,0.01
140,YLMDPVPHV,1,9,9,HLA-A*02:01,140,0.1,0.1,1.0290346530372494,0.1,1.0377912388221078,0.1,2.47,0.01,0.0000010471285480508985,0.2,9.64,0.01
335,YLMDHTVEV,1,9,9,HLA-A*02:01,335,0.1,0.1,0.5425377975201114,0.1,0.5663827267588137,0.1,2.14,0.01,0.0000010715193052376026,0.2,9.24,0.01
628,YLMEWVEYV,1,9,9,HLA-A*02:01,628,0.1,0.1,0.1684340921213102,0.1,0.1991177609269471,0.1,1.7,0.01,0.0000010715193052376049,0.2,9.23,0.01
591,YLMWWVIHV,1,9,9,HLA-A*02:01,591,0.1,0.1,0.23901766533361876,0.1,0.27996903476162627,0.1,1.97,0.01,0.0000010715193052376049,0.2,9.93,0.01
260,YLMSIVHEV,1,9,9,HLA-A*02:01,260,0.1,0.1,0.5005298701435309,0.1,0.4910322311878748,0.1,1.94,0.01,0.0000010715193052376049,0.2,9.45,0.01
761,YLMDIVESV,1,9,9,HLA-A*02:01,761,0.1,0.1,0.6674673092743243,0.1,0.7113936757282766,0.1,2.02,0.01,0.0000010715193052376049,0.2,9.78,0.01
225,YMMDHIPFV,1,9,9,HLA-A*02:01,225,0.1,0.1,0.17395222975734909,0.1,0.18625588339462212,0.1,1.91,0.01,0.000001071519305237607,0.2,9.1,0.01
503,FMMDEVHYV,1,9,9,HLA-A*02:01,503,0.1,0.1,0.25788732656673446,0.1,0.2812613131105305,0.1,1.91,0.01,0.000001071519305237607,0.2,9.23,0.01
272,YLWDHVPEV,1,9,9,HLA-A*02:01,272,0.1,0.1,0.28802487711076863,0.1,0.2911454450563121,0.1,2.03,0.01,0.0000010964781961431828,0.2,9.5,0.01
121,FLMDPPHTV,1,9,9,HLA-A*02:01,121,0.1,0.1,1.5791740544399429,0.1,1.5314753113062671,0.1,3.7,0.02,0.0000010964781961431828,0.2,10.07,0.01
101,FMMDIVHEV,1,9,9,HLA-A*02:01,101,0.1,0.1,0.1916152190601001,0.1,0.19911776092694697,0.1,1.89,0.01,0.000001096478196143185,0.2,9.42,0.01
614,YLMNPVFEV,1,9,9,HLA-A*02:01,614,0.1,0.1,0.7135591837013351,0.1,0.6952003786742401,0.1,2.03,0.01,0.000001096478196143185,0.2,9.6,0.01
318,YLMDPPIEV,1,9,9,HLA-A*02:01,318,0.1,0.1,1.085000654095001,0.1,1.0867008330877381,0.1,3.03,0.02,0.0000011220184543019607,0.2,10.91,0.03
740,YLMDVIHEV,1,9,9,HLA-A*02:01,740,0.1,0.1,0.19607851087854172,0.1,0.20096017488464868,0.1,1.82,0.01,0.000001122018454301963,0.2,9.34,0.01
249,FLMHWIHTV,1,9,9,HLA-A*02:01,249,0.1,0.1,0.34788043142931707,0.1,0.3540870144294429,0.1,1.91,0.01,0.0000011220184543019652,0.2,9.32,0.01
460,YLMEEVITV,1,9,9,HLA-A*02:01,460,0.1,0.1,0.754101839195776,0.1,0.7981968324408332,0.1,1.97,0.01,0.0000011220184543019652,0.2,9.82,0.01
921,YLMDAVETV,1,9,9,HLA-A*02:01,921,0.1,0.1,1.2572741893787878,0.1,1.3155580002637686,0.1,2.2,0.01,0.0000011481536214968793,0.2,9.96,0.01
905,FLMEWLTHV,1,9,9,HLA-A*02:01,905,0.1,0.1,0.21598818748905785,0.1,0.2404971864630509,0.1,1.76,0.01,0.0000011481536214968817,0.2,9.2,0.01
922,YLMDAVSTV,1,9,9,HLA-A*02:01,922,0.1,0.1,1.0676526933875756,0.1,1.0967559520957357,0.1,2.18,0.01,0.0000011748975549395255,0.2,9.61,0.01
589,YLMWWVPHV,1,9,9,HLA-A*02:01,589,0.1,0.1,0.2491322785101265,0.1,0.286490351327179,0.1,1.77,0.01,0.0000011748975549395279,0.2,9.87,0.01
520,YLMDEVNYV,1,9,9,HLA-A*02:01,520,0.1,0.1,0.6374263317686568,0.1,0.7179761203654641,0.1,1.92,0.01,0.0000011748975549395279,0.2,9.7,0.01
906,FLMEFLTHV,1,9,9,HLA-A*02:01,906,0.1,0.1,0.3431073329712701,0.1,0.36737533914270926,0.1,1.87,0.01,0.0000011748975549395304,0.2,9.31,0.01
544,YLMDITHTV,1,9,9,HLA-A*02:01,544,0.1,0.1,0.4736199635034037,0.1,0.48653042063291657,0.1,1.96,0.01,0.0000011748975549395304,0.2,9.17,0.01
53,YLMDPIHYV,1,9,9,HLA-A*02:01,53,0.1,0.1,0.35845116811800926,0.1,0.37248603919566753,0.1,1.92,0.01,0.0000012022644346174106,0.2,9.18,0.01
499,FMMDIVWHV,1,9,9,HLA-A*02:01,499,0.1,0.1,0.11077200076142471,0.1,0.11970436853575454,0.1,1.66,0.01,0.0000012022644346174132,0.2,9.31,0.01
924,YLMDGVWTV,1,9,9,HLA-A*02:01,924,0.1,0.1,0.15755420549016508,0.1,0.1667669553678583,0.1,1.66,0.01,0.0000012022644346174132,0.2,9.12,0.01
312,YLMDWPPTV,1,9,9,HLA-A*02:01,312,0.1,0.1,0.2572942021746583,0.1,0.28321092339383636,0.1,2.25,0.01,0.0000012302687708123811,0.2,9.37,0.01
7,YLMGFVYAV,1,9,9,HLA-A*02:01,7,0.1,0.1,0.261474896643205,0.1,0.27804174148268923,0.1,1.83,0.01,0.0000012302687708123811,0.2,9.54,0.01
504,FMMDEVVYV,1,9,9,HLA-A*02:01,504,0.1,0.1,0.32242595881876585,0.1,0.3665303993095133,0.1,1.78,0.01,0.0000012302687708123811,0.2,9.38,0.01
192,YLMDPPPEV,1,9,9,HLA-A*02:01,192,0.1,0.1,1.130915092666355,0.1,1.1120133472043399,0.1,5,0.02,0.0000012302687708123811,0.2,10.75,0.03
823,YLMGEIPTV,1,9,9,HLA-A*02:01,823,0.1,0.1,1.3722397642639212,0.1,1.3586575297130625,0.1,2.21,0.01,0.0000012302687708123811,0.2,9.52,0.01
207,YLMDFIHSV,1,9,9,HLA-A*02:01,207,0.1,0.1,0.19205693775938223,0.1,0.20235316426934968,0.1,1.76,0.01,0.0000012589254117941661,0.2,8.99,0.01
978,YLMDHFPSV,1,9,9,HLA-A*02:01,978,0.1,0.1,0.40966607412215894,0.1,0.41793620994738345,0.1,2.12,0.01,0.0000012589254117941661,0.2,9.11,0.01
86,YLMEHIPHV,1,9,9,HLA-A*02:01,86,0.1,0.1,0.4115570068044801,0.1,0.4227756831740244,0.1,1.89,0.01,0.0000012589254117941661,0.2,9.04,0.01
193,YLMDPPYEV,1,9,9,HLA-A*02:01,193,0.1,0.1,0.5564549370906983,0.1,0.5650800826352603,0.1,2.94,0.02,0.0000012589254117941661,0.2,10.24,0.02
733,FLWEPVHEV,1,9,9,HLA-A*02:01,733,0.1,0.1,0.7218218096307351,0.1,0.6888267432919862,0.1,2.32,0.01,0.0000012589254117941661,0.2,10.44,0.03
413,YLMDHITYV,1,9,9,HLA-A*02:01,413,0.1,0.1,0.21899288247978416,0.1,0.23994405828333057,0.1,1.78,0.01,0.0000012882495516931297,0.2,8.98,0.01
521,YLMDEVHYV,1,9,9,HLA-A*02:01,521,0.1,0.1,0.2967768357168383,0.1,0.3236756285226215,0.1,1.83,0.01,0.0000012882495516931322,0.2,9.25,0.01
155,FMMDPVHYV,1,9,9,HLA-A*02:01,155,0.1,0.1,0.3659569505128158,0.1,0.38116235363134027,0.1,2.06,0.01,0.0000012882495516931322,0.2,9.3,0.01
85,YLMWHIPHV,1,9,9,HLA-A*02:01,85,0.1,0.1,0.5826798503315376,0.1,0.6167511955119197,0.1,1.98,0.01,0.0000012882495516931322,0.2,9.61,0.01
321,YLMDPLFEV,1,9,9,HLA-A*02:01,321,0.1,0.1,0.24514892885754036,0.1,0.2483762123732417,0.1,1.82,0.01,0.0000013182567385564046,0.2,9.34,0.01
779,YLMDDVTFV,1,9,9,HLA-A*02:01,779,0.1,0.1,0.3276649591971511,0.1,0.3540870144294429,0.1,1.86,0.01,0.0000013182567385564046,0.2,9.4,0.01
314,YLMDIPPTV,1,9,9,HLA-A*02:01,314,0.1,0.1,0.5169279323150028,0.1,0.5384061351010438,0.1,2.22,0.01,0.0000013182567385564046,0.2,9.57,0.01
583,YLMKDIPEV,1,9,9,HLA-A*02:01,583,0.1,0.1,0.7951150977925743,0.1,0.7587697351995161,0.1,2.36,0.01,0.0000013182567385564046,0.2,9.8,0.01
359,YLMEEVIKV,1,9,9,HLA-A*02:01,359,0.1,0.1,1.2062296512786919,0.1,1.2362605192476641,0.1,2.05,0.01,0.0000013182567385564074,0.2,10.08,0.01
828,YLMWNIHYV,1,9,9,HLA-A*02:01,828,0.1,0.1,0.3165410218465689,0.1,0.3492287584601621,0.1,1.9,0.01,0.0000013489628825916506,0.2,9.54,0.01
124,YLMDPIWTV,1,9,9,HLA-A*02:01,124,0.1,0.1,0.34231820800342233,0.1,0.346824684596905,0.1,1.78,0.01,0.0000013489628825916506,0.2,9.38,0.01
635,FMMEHVHFV,1,9,9,HLA-A*02:01,635,0.1,0.1,0.2145013352647329,0.1,0.2244450335962182,0.1,1.82,0.01,0.0000013489628825916533,0.2,9.05,0.01
360,YLMEHVIKV,1,9,9,HLA-A*02:01,360,0.1,0.1,0.7168528232445229,0.1,0.724619471612986,0.1,1.97,0.01,0.0000013489628825916533,0.2,9.32,0.01
308,YLDDFIPTV,1,9,9,HLA-A*02:01,308,0.1,0.1,0.7806026117219935,0.1,0.8111664876215265,0.1,1.98,0.01,0.000001348962882591656,0.2,11.83,0.08
46,YLMEHVFEV,1,9,9,HLA-A*02:01,46,0.1,0.1,0.12806486617239535,0.1,0.13369340981636418,0.1,1.69,0.01,0.0000013803842646028838,0.2,9,0.01
100,FMMDIVTEV,1,9,9,HLA-A*02:01,100,0.1,0.1,0.2795310140506587,0.1,0.29655824300554195,0.1,1.91,0.01,0.0000013803842646028838,0.2,9.42,0.01
363,YLMEHVQEV,1,9,9,HLA-A*02:01,363,0.1,0.1,0.8325877178848873,0.1,0.8493955864106771,0.1,2.06,0.01,0.0000013803842646028838,0.2,9.96,0.01
259,YLMSHVHEV,1,9,9,HLA-A*02:01,259,0.1,0.1,0.6845891314670542,0.1,0.6548020041720072,0.1,2.17,0.01,0.0000014125375446227527,0.2,9.39,0.01
120,FLMDPPHHV,1,9,9,HLA-A*02:01,120,0.1,0.1,1.634669652276767,0.1,1.592612059696724,0.1,4.1,0.02,0.0000014125375446227527,0.2,10.18,0.02
919,YLMDAIHTV,1,9,9,HLA-A*02:01,919,0.1,0.1,0.4575409820495868,0.1,0.4657040341344147,0.1,1.93,0.01,0.0000014125375446227554,0.2,9.24,0.01
403,YLDDEVPEV,1,9,9,HLA-A*02:01,403,0.1,0.1,1.788257272859958,0.1,1.811798934842447,0.1,3.25,0.02,0.0000014125375446227554,0.2,17.72,0.33
197,YLMDIVWHV,1,9,9,HLA-A*02:01,197,0.1,0.1,0.12747646156040074,0.1,0.13775583386929452,0.1,1.66,0.01,0.000001445439770745925,0.2,9.23,0.01
422,YLMDEIWHV,1,9,9,HLA-A*02:01,422,0.1,0.1,0.2497065877249822,0.1,0.266139906519724,0.1,1.69,0.01,0.000001445439770745925,0.2,9.15,0.01
358,YLMEEVPKV,1,9,9,HLA-A*02:01,358,0.1,0.1,1.2572741893787878,0.1,1.2650567259795011,0.1,2.27,0.01,0.000001445439770745925,0.2,9.71,0.01
317,YLMDPPISV,1,9,9,HLA-A*02:01,317,0.1,0.1,1.4042033345002654,0.1,1.4064036990823863,0.1,2.95,0.02,0.000001445439770745925,0.2,10.35,0.02
204,YLMDVVHEV,1,9,9,HLA-A*02:01,204,0.1,0.1,0.23037216300738264,0.1,0.2366519023839484,0.1,1.86,0.01,0.000001445439770745928,0.2,9.44,0.01
925,YLMDEVWTV,1,9,9,HLA-A*02:01,925,0.1,0.1,0.28341967781248245,0.1,0.3013769268144125,0.1,1.7,0.01,0.000001445439770745928,0.2,9.33,0.01
378,YLMEIPPEV,1,9,9,HLA-A*02:01,378,0.1,0.1,0.3885348684854493,0.1,0.40004606234107254,0.1,2.09,0.01,0.000001445439770745928,0.2,9.8,0.01
23,YLDDHVPEV,1,9,9,HLA-A*02:01,23,0.1,0.1,1.062747274847941,0.1,1.0619645021370254,0.1,2.87,0.02,0.000001445439770745928,0.2,14.41,0.18
679,YLDDFIFEV,1,9,9,HLA-A*02:01,679,0.1,0.1,0.21400799588364675,0.1,0.22652179792256183,0.1,1.8,0.01,0.000001479108388168207,0.2,12.13,0.09
177,YLMDPVFTV,1,9,9,HLA-A*02:01,177,0.1,0.1,0.40684595270431595,0.1,0.4160159674889904,0.1,1.87,0.01,0.000001479108388168207,0.2,9.36,0.01
586,YLDWWIPEV,1,9,9,HLA-A*02:01,586,0.1,0.1,0.5229136756629081,0.1,0.575585705733184,0.1,1.93,0.01,0.000001479108388168207,0.2,12.9,0.12
731,FLWDPVHHV,1,9,9,HLA-A*02:01,731,0.1,0.1,0.9940998310776126,0.1,0.9640731773604468,0.1,2.53,0.01,0.000001479108388168207,0.2,10.16,0.02
116,FLDDIPHEV,1,9,9,HLA-A*02:01,116,0.1,0.1,1.2343263492347434,0.1,1.2221091621044728,0.1,3.05,0.02,0.000001479108388168207,0.2,14.93,0.2
210,YLMDQIFHV,1,9,9,HLA-A*02:01,210,0.1,0.1,0.21949771321126565,0.1,0.22444503359621837,0.1,1.76,0.01,0.0000015135612484362072,0.2,8.99,0.01
493,FMMDVVTEV,1,9,9,HLA-A*02:01,493,0.1,0.1,0.2920317022780166,0.1,0.30627390793653364,0.1,1.94,0.01,0.0000015135612484362072,0.2,9.43,0.01
414,YLMDPITYV,1,9,9,HLA-A*02:01,414,0.1,0.1,0.5229136756629084,0.1,0.5547662087687296,0.1,1.97,0.01,0.0000015135612484362072,0.2,9.38,0.01
923,YLMDGVSTV,1,9,9,HLA-A*02:01,923,0.1,0.1,0.836430768179012,0.1,0.8612118560562686,0.1,2.09,0.01,0.0000015135612484362072,0.2,9.62,0.01
324,YLMDPWIEV,1,9,9,HLA-A*02:01,324,0.1,0.1,1.1413793211811998,0.1,1.1942905612796093,0.1,2.44,0.01,0.0000015135612484362072,0.2,10.75,0.03
276,YLWDHIFEV,1,9,9,HLA-A*02:01,276,0.1,0.1,0.10032981235634239,0.1,0.10306471341848772,0.1,1.68,0.01,0.0000015488166189124796,0.2,9.19,0.01
322,YLMDPLWEV,1,9,9,HLA-A*02:01,322,0.1,0.1,0.24234273227395534,0.1,0.24384283559252484,0.1,1.81,0.01,0.0000015488166189124796,0.2,9.44,0.01
916,YLMEAIHEV,1,9,9,HLA-A*02:01,916,0.1,0.1,0.34389827706004217,0.1,0.3460270099575688,0.1,1.87,0.01,0.0000015488166189124796,0.2,9.38,0.01
545,YLMDHTHTV,1,9,9,HLA-A*02:01,545,0.1,0.1,0.6477836764612595,0.1,0.6487987433134317,0.1,2.57,0.02,0.0000015488166189124796,0.2,8.96,0.01
527,YLIDWVQEV,1,9,9,HLA-A*02:01,527,0.1,0.1,0.6941127149460316,0.1,0.7800276543102103,0.1,1.98,0.01,0.0000015488166189124796,0.2,10.05,0.01
616,YLMSPVFHV,1,9,9,HLA-A*02:01,616,0.1,0.1,0.9559386035033594,0.1,0.9270646046101584,0.1,2.08,0.01,0.0000015488166189124796,0.2,9.53,0.01
250,FLMHHIHTV,1,9,9,HLA-A*02:01,250,0.1,0.1,0.9559386035033589,0.1,0.8976561279676066,0.1,2.32,0.01,0.000001584893192461111,0.2,9.29,0.01
634,FMMEPVHFV,1,9,9,HLA-A*02:01,634,0.1,0.1,0.5121887085450716,0.1,0.5189314595075941,0.1,1.95,0.01,0.000001584893192461114,0.2,9.38,0.01
316,YLMDPPPSV,1,9,9,HLA-A*02:01,316,0.1,0.1,1.4636256099618226,0.1,1.4391630495887364,0.1,4.84,0.02,0.000001584893192461114,0.2,10.19,0.02
791,YLMEHVHFV,1,9,9,HLA-A*02:01,791,0.1,0.1,0.24684822005175516,0.1,0.2582914319591751,0.1,1.81,0.01,0.0000016218100973589266,0.2,9.1,0.01
206,YLMDFVHSV,1,9,9,HLA-A*02:01,206,0.1,0.1,0.2256472265826716,0.1,0.23829229500442342,0.1,1.79,0.01,0.0000016218100973589298,0.2,9.01,0.01
474,FMMWPVPHV,1,9,9,HLA-A*02:01,474,0.1,0.1,1.4204632427837085,0.1,1.4591838019095398,0.1,2.35,0.01,0.0000016218100973589298,0.2,10.32,0.02
313,YLMDTPPTV,1,9,9,HLA-A*02:01,313,0.1,0.1,0.8941903938537284,0.1,0.9270646046101584,0.1,3.06,0.02,0.0000016595869074375563,0.2,9.64,0.01
629,YLMEWVHYV,1,9,9,HLA-A*02:01,629,0.1,0.1,0.07201616655370954,0.1,0.08300609823561009,0.1,1.63,0.01,0.0000016982436524617425,0.2,9.03,0.01
514,YMMDVVPYV,1,9,9,HLA-A*02:01,514,0.1,0.1,0.12514975392038954,0.1,0.13839168590806056,0.1,1.72,0.01,0.0000016982436524617425,0.2,9.27,0.01
543,YLMDIIHTV,1,9,9,HLA-A*02:01,543,0.1,0.1,0.280175399588202,0.1,0.29047582911432807,0.1,1.83,0.01,0.000001698243652461746,0.2,9.28,0.01
195,YLMDIPYHV,1,9,9,HLA-A*02:01,195,0.1,0.1,0.2632873540397954,0.1,0.284518165620773,0.1,1.89,0.01,0.0000017378008287493727,0.2,9.37,0.01
357,YLMEDVPKV,1,9,9,HLA-A*02:01,357,0.1,0.1,0.762833926950049,0.1,0.7570246132351788,0.1,2.27,0.01,0.0000017378008287493727,0.2,9.61,0.01
37,FLDDDIVHV,1,9,9,HLA-A*02:01,37,0.1,0.1,1.668898790828054,0.1,1.7183435615934772,0.1,2.79,0.02,0.0000017378008287493727,0.2,16.26,0.24
745,YLDDFIHFV,1,9,9,HLA-A*02:01,745,0.1,0.1,0.4125057436877923,0.1,0.43763293670009956,0.1,1.86,0.01,0.0000017378008287493763,0.2,11.91,0.08
311,YLMDKPPTV,1,9,9,HLA-A*02:01,311,0.1,0.1,1.053003949267074,0.1,1.0619645021370248,0.1,3.37,0.02,0.0000017378008287493763,0.2,9.77,0.01
339,YLMDHPYTV,1,9,9,HLA-A*02:01,339,0.1,0.1,0.3478804314293166,0.1,0.3648463450967083,0.1,2.21,0.01,0.000001778279410038923,0.2,9.09,0.01
410,YLDDEIWYV,1,9,9,HLA-A*02:01,410,0.1,0.1,0.3601057035350879,0.1,0.3909399022165049,0.1,1.8,0.01,0.000001778279410038923,0.2,12.97,0.12
975,YLMDHPPAV,1,9,9,HLA-A*02:01,975,0.1,0.1,0.6783127805839523,0.1,0.6952003786742409,0.1,3.39,0.02,0.000001778279410038923,0.2,9.74,0.01
215,YLDDGIIHV,1,9,9,HLA-A*02:01,215,0.1,0.1,1.2543825389856653,0.1,1.2915463606824409,0.1,2.61,0.02,0.000001778279410038923,0.2,15.37,0.2
829,YLMWTIHYV,1,9,9,HLA-A*02:01,829,0.1,0.1,0.3015990713715379,0.1,0.33659681328806945,0.1,1.95,0.01,0.0000018197008586099788,0.2,9.61,0.01
200,YLMDIVSHV,1,9,9,HLA-A*02:01,200,0.1,0.1,0.6767527044802629,0.1,0.7113936757282766,0.1,2.02,0.01,0.0000018197008586099788,0.2,9.39,0.01
411,YLDDHIWYV,1,9,9,HLA-A*02:01,411,0.1,0.1,0.2140079958836468,0.1,0.22914479672047625,0.1,1.75,0.01,0.0000018197008586099826,0.2,11.64,0.08
374,FLDEPPFEV,1,9,9,HLA-A*02:01,374,0.1,0.1,1.7117092595314398,0.1,1.6485798981541189,0.1,3.53,0.02,0.0000018197008586099826,0.2,16.7,0.26
758,YLMDIPFSV,1,9,9,HLA-A*02:01,758,0.1,0.1,0.1834129516541905,0.1,0.19458528733119335,0.1,1.76,0.01,0.0000018620871366628656,0.2,9.24,0.01
421,YLMDEVWHV,1,9,9,HLA-A*02:01,421,0.1,0.1,0.2933796593703747,0.1,0.3134079437098962,0.1,1.72,0.01,0.0000018620871366628656,0.2,9.23,0.01
190,YLMEEPPEV,1,9,9,HLA-A*02:01,190,0.1,0.1,0.8941903938537284,0.1,0.9101437686226581,0.1,3.34,0.02,0.0000018620871366628656,0.2,10.69,0.03
973,YLDDHPPFV,1,9,9,HLA-A*02:01,973,0.1,0.1,1.316527696426082,0.1,1.346201282608799,0.1,3.27,0.02,0.0000018620871366628656,0.2,14.98,0.2
307,YLDDHIPTV,1,9,9,HLA-A*02:01,307,0.1,0.1,1.3502991678027383,0.1,1.3462012826087981,0.1,2.44,0.01,0.0000018620871366628656,0.2,12.91,0.12
205,YLMDVVHSV,1,9,9,HLA-A*02:01,205,0.1,0.1,0.298146695349993,0.1,0.30627390793653414,0.1,1.87,0.01,0.0000018620871366628694,0.2,9.3,0.01
562,YLMWIIHEV,1,9,9,HLA-A*02:01,562,0.1,0.1,0.29814669534999283,0.1,0.31485456904964415,0.1,1.93,0.01,0.0000019054607179632443,0.2,9.8,0.01
179,YLMDPVFHV,1,9,9,HLA-A*02:01,179,0.1,0.1,0.4211434009870676,0.1,0.43262339389868754,0.1,1.93,0.01,0.0000019054607179632443,0.2,9.32,0.01
587,YLDWWVPEV,1,9,9,HLA-A*02:01,587,0.1,0.1,0.614369998980793,0.1,0.6778131653445871,0.1,1.98,0.01,0.0000019054607179632443,0.2,13.36,0.14
785,YLMDHVSAV,1,9,9,HLA-A*02:01,785,0.1,0.1,0.8578868285587484,0.1,0.8833035990746626,0.1,2.23,0.01,0.0000019054607179632443,0.2,9.63,0.01
508,FMDDGVIHV,1,9,9,HLA-A*02:01,508,0.1,0.1,1.2806486617239556,0.1,1.3216303400920504,0.1,2.75,0.02,0.0000019054607179632443,0.2,15.01,0.2
792,YLMEPVHFV,1,9,9,HLA-A*02:01,792,0.1,0.1,0.589426965006616,0.1,0.5971865254368441,0.1,1.95,0.01,0.0000019054607179632483,0.2,9.36,0.01
386,FLMHFVHHV,1,9,9,HLA-A*02:01,386,0.1,0.1,0.6720939716316189,0.1,0.6623842540286063,0.1,2.13,0.01,0.0000019054607179632483,0.2,9.38,0.01
551,YLMDYVHSV,1,9,9,HLA-A*02:01,551,0.1,0.1,0.14737709780130978,0.1,0.15707606030477475,0.1,1.85,0.01,0.0000019498445997580416,0.2,8.97,0.01
296,YLMDHLHYV,1,9,9,HLA-A*02:01,296,0.1,0.1,0.15864631906883195,0.1,0.16908691481211222,0.1,1.76,0.01,0.0000019498445997580416,0.2,8.95,0.01
749,YLMDFIHQV,1,9,9,HLA-A*02:01,749,0.1,0.1,0.3029911894331478,0.1,0.3214474611685477,0.1,1.83,0.01,0.0000019498445997580416,0.2,8.97,0.01
129,YLMDEIVSV,1,9,9,HLA-A*02:01,129,0.1,0.1,0.6989240744318643,0.1,0.7466378461517585,0.1,1.9,0.01,0.0000019498445997580416,0.2,9.55,0.01
618,YLMEPVYHV,1,9,9,HLA-A*02:01,618,0.1,0.1,0.568106816179967,0.1,0.5849382210864059,0.1,2.01,0.01,0.0000019498445997580454,0.2,9.53,0.01
542,YLMDIIHKV,1,9,9,HLA-A*02:01,542,0.1,0.1,0.44815680983163164,0.1,0.4498937915246535,0.1,1.94,0.01,0.0000019952623149688787,0.2,9.25,0.01
872,YLIDHIPHV,1,9,9,HLA-A*02:01,872,0.1,0.1,0.9428226341583105,0.1,0.984260371950797,0.1,2.11,0.01,0.0000019952623149688787,0.2,9.16,0.01
857,FLIWHIHHV,1,9,9,HLA-A*02:01,857,0.1,0.1,1.400973756450758,0.1,1.469298380818293,0.1,2.77,0.02,0.0000019952623149688787,0.2,9.7,0.01
515,YMMDHVPYV,1,9,9,HLA-A*02:01,515,0.1,0.1,0.16384379550039815,0.1,0.17869401215235842,0.1,2.02,0.01,0.0000020417379446695273,0.2,9.04,0.01
739,YLMEVIHEV,1,9,9,HLA-A*02:01,739,0.1,0.1,0.220003707697772,0.1,0.22289996485278,0.1,1.82,0.01,0.0000020417379446695273,0.2,9.34,0.01
52,YLMDPIHSV,1,9,9,HLA-A*02:01,52,0.1,0.1,0.7932863838139277,0.1,0.7764437527843886,0.1,2.31,0.01,0.0000020417379446695273,0.2,9.59,0.01
597,YLMHEVIEV,1,9,9,HLA-A*02:01,597,0.1,0.1,1.2984642592503584,0.1,1.2797053924741573,0.1,2.13,0.01,0.0000020417379446695273,0.2,10.27,0.02
960,YLMDEPPQV,1,9,9,HLA-A*02:01,960,0.1,0.1,1.6271590274564298,0.1,1.68698025699603,0.1,4.4,0.02,0.0000020417379446695273,0.2,10.21,0.02
97,YMMDIVPEV,1,9,9,HLA-A*02:01,97,0.1,0.1,0.2048471848695183,0.1,0.21582910012835746,0.1,1.95,0.01,0.0000020417379446695316,0.2,9.29,0.01
251,FLMHHVHTV,1,9,9,HLA-A*02:01,251,0.1,0.1,1.1231299279284048,0.1,1.0570852184622117,0.1,2.48,0.01,0.0000020417379446695316,0.2,9.33,0.01
804,FMDDDIINV,1,9,9,HLA-A*02:01,804,0.1,0.1,1.5432276643664098,0.1,1.5456458778910371,0.1,2.94,0.02,0.0000020417379446695316,0.2,16.51,0.25
315,YLMDPPPTV,1,9,9,HLA-A*02:01,315,0.1,0.1,1.688223728040847,0.1,1.6600073080838655,0.1,4.32,0.02,0.0000020417379446695316,0.2,10.25,0.02
208,YLMDFIHHV,1,9,9,HLA-A*02:01,208,0.1,0.1,0.22931369906453772,0.1,0.24272247953115678,0.1,1.79,0.01,0.0000020892961308540364,0.2,8.99,0.01
184,YLMHHVIEV,1,9,9,HLA-A*02:01,184,0.1,0.1,0.7716671275150657,0.1,0.7500841698635078,0.1,2.03,0.01,0.0000020892961308540364,0.2,9.57,0.01
959,YLMDEPYQV,1,9,9,HLA-A*02:01,959,0.1,0.1,0.8006265723495433,0.1,0.8572549470057736,0.1,2.58,0.02,0.0000020892961308540364,0.2,9.8,0.01
258,YLMNHVHEV,1,9,9,HLA-A*02:01,258,0.1,0.1,0.7896415639595854,0.1,0.7622720571667905,0.1,2.33,0.01,0.000002137962089502228,0.2,9.44,0.01
805,FMDDDIIHV,1,9,9,HLA-A*02:01,805,0.1,0.1,1.1896795600162633,0.1,1.2136962218082101,0.1,2.79,0.02,0.0000021379620895022326,0.2,15.46,0.2
842,YLMSHIHQV,1,9,9,HLA-A*02:01,842,0.1,0.1,1.189679560016262,0.1,1.1431678446602342,0.1,2.22,0.01,0.0000021877616239495475,0.2,9.17,0.01
759,YLMDIPWSV,1,9,9,HLA-A*02:01,759,0.1,0.1,0.18131344095791352,0.1,0.1910337055793517,0.1,1.72,0.01,0.0000021877616239495517,0.2,9.33,0.01
491,FMMDFVTTV,1,9,9,HLA-A*02:01,491,0.1,0.1,0.32993622418864593,0.1,0.3557214058283517,0.1,1.87,0.01,0.0000021877616239495517,0.2,9.28,0.01
136,YLMDTIHAV,1,9,9,HLA-A*02:01,136,0.1,0.1,0.46497542494266714,0.1,0.48429501640432276,0.1,1.97,0.01,0.0000021877616239495517,0.2,9.36,0.01
741,YLMDVIHKV,1,9,9,HLA-A*02:01,741,0.1,0.1,0.4681984806125963,0.1,0.4646329445783262,0.1,1.95,0.01,0.0000021877616239495517,0.2,9.26,0.01
775,YLMDPIHWV,1,9,9,HLA-A*02:01,775,0.1,0.1,0.5948808655643484,0.1,0.6054942175489434,0.1,2.09,0.01,0.0000021877616239495517,0.2,9.66,0.01
385,FLMHVVHHV,1,9,9,HLA-A*02:01,385,0.1,0.1,0.8880348304799739,0.1,0.8513536454596707,0.1,2.36,0.01,0.0000021877616239495517,0.2,9.51,0.01
56,YLMDHIHTV,1,9,9,HLA-A*02:01,56,0.1,0.1,0.38320397023961894,0.1,0.3873557436493679,0.1,1.98,0.01,0.0000022387211385683376,0.2,8.98,0.01
320,YLMDPPFEV,1,9,9,HLA-A*02:01,320,0.1,0.1,0.46283905692325894,0.1,0.463564318459857,0.1,2.48,0.01,0.0000022387211385683376,0.2,10.02,0.01
824,YLMGEIFTV,1,9,9,HLA-A*02:01,824,0.1,0.1,0.5616037512304072,0.1,0.5663827267588134,0.1,1.87,0.01,0.0000022387211385683376,0.2,9.32,0.01
939,YLDDFFIEV,1,9,9,HLA-A*02:01,939,0.1,0.1,0.6690059803314162,0.1,0.6984092778236617,0.1,2.17,0.01,0.0000022387211385683376,0.2,13.04,0.12
328,YLMDPFIHV,1,9,9,HLA-A*02:01,328,0.1,0.1,1.120546800775189,0.1,1.1326872188635733,0.1,2.42,0.01,0.0000022387211385683376,0.2,9.44,0.01
191,YLMEPPPEV,1,9,9,HLA-A*02:01,191,0.1,0.1,1.2689076042202656,0.1,1.2334171989546976,0.1,3.86,0.02,0.0000022387211385683376,0.2,10.86,0.03
598,YLMHEVPEV,1,9,9,HLA-A*02:01,598,0.1,0.1,1.3534119288609145,0.1,1.3095135603026973,0.1,2.52,0.01,0.0000022387211385683376,0.2,9.84,0.01
38,FLDDDVVHV,1,9,9,HLA-A*02:01,38,0.1,0.1,1.9607851087854182,0.1,2.0235316426934977,0.1,2.98,0.02,0.0000022387211385683376,0.2,16.74,0.27
490,FMMDIVTTV,1,9,9,HLA-A*02:01,490,0.1,0.1,0.4172823350787711,0.1,0.44270048727324246,0.1,1.96,0.01,0.00000229086765276777,0.2,9.41,0.01
216,YLDDGVIHV,1,9,9,HLA-A*02:01,216,0.1,0.1,1.4737709780130974,0.1,1.5209327094187013,0.1,2.76,0.02,0.00000229086765276777,0.2,15.78,0.22
78,YLMETIHEV,1,9,9,HLA-A*02:01,78,0.1,0.1,0.36427553105790095,0.1,0.37162934507852746,0.1,1.93,0.01,0.000002344228815319918,0.2,9.25,0.01
627,YLMEWVETV,1,9,9,HLA-A*02:01,627,0.1,0.1,0.4299619263706329,0.1,0.4787513371934256,0.1,1.93,0.01,0.000002344228815319918,0.2,9.46,0.01
843,YLMSHIHHV,1,9,9,HLA-A*02:01,843,0.1,0.1,0.9003886255543866,0.1,0.8631971544199893,0.1,2.1,0.01,0.000002344228815319918,0.2,9.12,0.01
630,YLMEHVHYV,1,9,9,HLA-A*02:01,630,0.1,0.1,0.19789280300178674,0.1,0.2104311361430171,0.1,1.78,0.01,0.000002398832919019485,0.2,9.08,0.01
830,YLMWTIHEV,1,9,9,HLA-A*02:01,830,0.1,0.1,0.5157390310623386,0.1,0.5421381881373444,0.1,2.15,0.01,0.000002398832919019485,0.2,9.6,0.01
936,YLDDWFPEV,1,9,9,HLA-A*02:01,936,0.1,0.1,0.4389651071227938,0.1,0.46785362628778193,0.1,2.35,0.01,0.0000023988329190194897,0.2,12.87,0.11
750,YLMDFITQV,1,9,9,HLA-A*02:01,750,0.1,0.1,0.4420078678828654,0.1,0.4787513371934256,0.1,1.83,0.01,0.0000024547089156850237,0.2,9.07,0.01
77,YLMEHIHEV,1,9,9,HLA-A*02:01,77,0.1,0.1,0.28802487711076863,0.1,0.287812730705689,0.1,1.91,0.01,0.0000024547089156850284,0.2,9.17,0.01
938,YLDDFFPEV,1,9,9,HLA-A*02:01,938,0.1,0.1,0.6973165936677892,0.1,0.7146773197408153,0.1,2.13,0.01,0.0000024547089156850335,0.2,12.52,0.1
802,YLDDDIINV,1,9,9,HLA-A*02:01,802,0.1,0.1,1.7759469963826755,0.1,1.778729877447373,0.1,2.83,0.02,0.0000024547089156850335,0.2,17.63,0.32
117,FLDDIPHTV,1,9,9,HLA-A*02:01,117,0.1,0.1,1.842595473733676,0.1,1.8243577250848277,0.1,2.92,0.02,0.0000024547089156850335,0.2,13.72,0.15
550,YLMDYVHTV,1,9,9,HLA-A*02:01,550,0.1,0.1,0.16999259358713853,0.1,0.1811798934842448,0.1,1.84,0.01,0.0000025118864315095717,0.2,8.96,0.01
958,YLMDPPYQV,1,9,9,HLA-A*02:01,958,0.1,0.1,1.1361351595567748,0.1,1.1617428278677733,0.1,3.11,0.02,0.000002511886431509577,0.2,10.09,0.01
967,YLMDPPSYV,1,9,9,HLA-A*02:01,967,0.1,0.1,1.4204632427837085,0.1,1.4591838019095404,0.1,3.32,0.02,0.000002511886431509577,0.2,10.31,0.02
613,YLMNPVHEV,1,9,9,HLA-A*02:01,613,0.1,0.1,1.8855150358799082,0.1,1.7624223839100537,0.1,2.81,0.02,0.000002511886431509577,0.2,10.09,0.01
492,FMMDVVTTV,1,9,9,HLA-A*02:01,492,0.1,0.1,0.435943292580461,0.1,0.45720397756756953,0.1,2.02,0.01,0.0000025118864315095823,0.2,9.36,0.01
295,YLMDHLHEV,1,9,9,HLA-A*02:01,295,0.1,0.1,0.27128763529040295,0.1,0.2723391013078886,0.1,1.99,0.01,0.0000025703957827688596,0.2,9.1,0.01
753,YLMDIITQV,1,9,9,HLA-A*02:01,753,0.1,0.1,0.5590234163796868,0.1,0.5958130345423075,0.1,1.9,0.01,0.0000025703957827688596,0.2,9.26,0.01
135,YLMDTIHQV,1,9,9,HLA-A*02:01,135,0.1,0.1,0.6628724966366705,0.1,0.6888267432919862,0.1,2.08,0.01,0.0000025703957827688596,0.2,9.13,0.01
277,YLWDHIFTV,1,9,9,HLA-A*02:01,277,0.1,0.1,0.14977178299965763,0.1,0.15385442801597984,0.1,1.72,0.01,0.0000025703957827688647,0.2,9.15,0.01
483,FMMEIIHTV,1,9,9,HLA-A*02:01,483,0.1,0.1,0.2731681113418254,0.1,0.2799690347616258,0.1,1.87,0.01,0.0000025703957827688647,0.2,9.32,0.01
918,YLMEAIHTV,1,9,9,HLA-A*02:01,918,0.1,0.1,0.5133694254590796,0.1,0.5165471860279942,0.1,1.92,0.01,0.0000025703957827688647,0.2,9.18,0.01
935,YLDDWPPEV,1,9,9,HLA-A*02:01,935,0.1,0.1,0.6567952450584363,0.1,0.6968029810589308,0.1,3.75,0.02,0.0000025703957827688647,0.2,16.07,0.23
871,YLIDHVPHV,1,9,9,HLA-A*02:01,871,0.1,0.1,1.1077200076142457,0.1,1.15907089350907,0.1,2.23,0.01,0.0000025703957827688647,0.2,9.27,0.01
458,YLMEEISTV,1,9,9,HLA-A*02:01,458,0.1,0.1,1.4369114319313894,0.1,1.4659190883167854,0.1,2.18,0.01,0.0000025703957827688647,0.2,9.82,0.01
917,YLMEAIHAV,1,9,9,HLA-A*02:01,917,0.1,0.1,0.4925269509864129,0.1,0.5001612019449672,0.1,1.91,0.01,0.0000026302679918953817,0.2,9.53,0.01
754,YLMDIITNV,1,9,9,HLA-A*02:01,754,0.1,0.1,0.5488200891307617,0.1,0.5729411296369136,0.1,1.89,0.01,0.0000026302679918953817,0.2,9.34,0.01
123,YLMDPIHTV,1,9,9,HLA-A*02:01,123,0.1,0.1,0.9150187637952879,0.1,0.8955915761639874,0.1,2.25,0.01,0.0000026302679918953817,0.2,9.41,0.01
820,YLDGEIYEV,1,9,9,HLA-A*02:01,820,0.1,0.1,1.7235742612890774,0.1,1.6986738454970576,0.1,2.36,0.01,0.0000026302679918953817,0.2,14.74,0.2
134,YLMDHIHQV,1,9,9,HLA-A*02:01,134,0.1,0.1,0.5241191161795009,0.1,0.5334699979843657,0.1,2.1,0.01,0.0000026915348039269083,0.2,9.06,0.01
444,YMMDHIHPV,1,9,9,HLA-A*02:01,444,0.1,0.1,0.19562754281775244,0.1,0.20281963648880694,0.1,1.97,0.01,0.0000026915348039269138,0.2,9.38,0.01
194,YLMDPPYHV,1,9,9,HLA-A*02:01,194,0.1,0.1,0.8598644619424705,0.1,0.877222979869018,0.1,2.93,0.02,0.0000026915348039269138,0.2,10.08,0.01
732,FLWEPVHHV,1,9,9,HLA-A*02:01,732,0.1,0.1,1.1153983558875453,0.1,1.06932568839821,0.1,2.57,0.02,0.0000026915348039269138,0.2,10.15,0.02
760,YLMDIPESV,1,9,9,HLA-A*02:01,760,0.1,0.1,1.1335221212008413,0.1,1.1833412395997496,0.1,2.44,0.01,0.0000026915348039269138,0.2,9.93,0.01
226,YMMDHIPSV,1,9,9,HLA-A*02:01,226,0.1,0.1,0.30862421621287806,0.1,0.31630787170857183,0.1,2.42,0.01,0.0000026915348039269193,0.2,9.14,0.01
425,YLMDEILHV,1,9,9,HLA-A*02:01,425,0.1,0.1,0.8061762506230256,0.1,0.8552833153398602,0.1,1.94,0.01,0.0000027542287033381634,0.2,9.6,0.01
845,YLMNHIHTV,1,9,9,HLA-A*02:01,845,0.1,0.1,1.0032981235634233,0.1,0.9662955955587802,0.1,2.27,0.01,0.0000027542287033381634,0.2,9.17,0.01
678,YLDWFIFEV,1,9,9,HLA-A*02:01,678,0.1,0.1,0.33996170603489395,0.1,0.3665303993095135,0.1,1.98,0.01,0.000002754228703338169,0.2,11.84,0.08
942,YLDDDFIYV,1,9,9,HLA-A*02:01,942,0.1,0.1,0.690923556709855,0.1,0.7346999325949031,0.1,2.25,0.01,0.000002754228703338169,0.2,14.1,0.16
137,YLMDTVHAV,1,9,9,HLA-A*02:01,137,0.1,0.1,0.5462984898721082,0.1,0.5703087042640879,0.1,2.05,0.01,0.000002818382931264449,0.2,9.45,0.01
57,YLMDHITTV,1,9,9,HLA-A*02:01,57,0.1,0.1,0.5590234163796862,0.1,0.5769125678191354,0.1,1.99,0.01,0.000002818382931264449,0.2,9.09,0.01
774,YLMDPVHWV,1,9,9,HLA-A*02:01,774,0.1,0.1,0.698924074431864,0.1,0.713033607517943,0.1,2.15,0.01,0.000002818382931264455,0.2,9.75,0.01
794,YLMEWVHSV,1,9,9,HLA-A*02:01,794,0.1,0.1,0.15937859720609301,0.1,0.17302545501360717,0.1,1.74,0.01,0.000002884031503126606,0.2,9.07,0.01
513,YMMDVVPSV,1,9,9,HLA-A*02:01,513,0.1,0.1,0.27696825830966154,0.1,0.2884762075718158,0.1,1.94,0.01,0.000002884031503126606,0.2,9.31,0.01
789,YLDEHVWFV,1,9,9,HLA-A*02:01,789,0.1,0.1,0.35190869697296634,0.1,0.36737533914270987,0.1,1.79,0.01,0.000002884031503126606,0.2,11.88,0.08
506,FMMDGVVHV,1,9,9,HLA-A*02:01,506,0.1,0.1,0.4736199635034044,0.1,0.5071191373557443,0.1,1.99,0.01,0.000002884031503126606,0.2,9.4,0.01
146,YMMDPVIEV,1,9,9,HLA-A*02:01,146,0.1,0.1,0.6418447600178973,0.1,0.6502943788814104,0.1,2.2,0.01,0.000002884031503126606,0.2,9.95,0.01
744,YLDDQIHFV,1,9,9,HLA-A*02:01,744,0.1,0.1,1.04334995103206,0.1,1.0259117407454537,0.1,2.21,0.01,0.000002884031503126606,0.2,13.63,0.14
827,YLMWNIHTV,1,9,9,HLA-A*02:01,827,0.1,0.1,0.8080346788134587,0.1,0.8396726355342204,0.1,2.32,0.01,0.0000029512092266663778,0.2,9.59,0.01
130,YLMDEIVKV,1,9,9,HLA-A*02:01,130,0.1,0.1,1.289525694162532,0.1,1.3338592350644138,0.1,2.06,0.01,0.0000029512092266663778,0.2,9.89,0.01
839,YLMHHVHPV,1,9,9,HLA-A*02:01,839,0.1,0.1,0.6598268741654733,0.1,0.6369568316819127,0.1,2.12,0.01,0.000002951209226666384,0.2,9.54,0.01
563,YLMWPIHEV,1,9,9,HLA-A*02:01,563,0.1,0.1,0.9737108290370005,0.1,0.970755813374816,0.1,2.25,0.01,0.000002951209226666384,0.2,10.21,0.02
131,YLMDHIVKV,1,9,9,HLA-A*02:01,131,0.1,0.1,0.7663550083740951,0.1,0.781825803760742,0.1,1.97,0.01,0.000003019951720402007,0.2,9.21,0.01
402,YLDDEVWEV,1,9,9,HLA-A*02:01,402,0.1,0.1,0.7234857807517548,0.1,0.741498027371751,0.1,2.11,0.01,0.000003019951720402013,0.2,16.18,0.24
261,YLMGIVHEV,1,9,9,HLA-A*02:01,261,0.1,0.1,0.5074929342398279,0.1,0.4978631699650714,0.1,1.98,0.01,0.0000030902954325135855,0.2,9.47,0.01
547,YLMDFLHTV,1,9,9,HLA-A*02:01,547,0.1,0.1,0.23411540953004745,0.1,0.24496836298250887,0.1,1.75,0.01,0.000003090295432513592,0.2,9.03,0.01
888,YLYDAVHHV,1,9,9,HLA-A*02:01,888,0.1,0.1,1.2090102978015116,0.1,1.2505757413836112,0.1,2.23,0.01,0.000003090295432513592,0.2,9.31,0.01
354,YLDEDIPSV,1,9,9,HLA-A*02:01,354,0.1,0.1,1.3410037737143305,0.1,1.3216303400920524,0.1,2.59,0.02,0.000003090295432513592,0.2,14.93,0.2
41,YLDDHVPHV,1,9,9,HLA-A*02:01,41,0.1,0.1,1.642214944566132,0.1,1.6485798981541204,0.1,2.87,0.02,0.000003090295432513592,0.2,13.65,0.14
47,YLMEHVHEV,1,9,9,HLA-A*02:01,47,0.1,0.1,0.33839972387920053,0.1,0.33892999093435483,0.1,1.99,0.01,0.000003162277660168373,0.2,9.28,0.01
239,YLMDDIHQV,1,9,9,HLA-A*02:01,239,0.1,0.1,0.5350938998736255,0.1,0.5446405843156953,0.1,2.18,0.01,0.000003162277660168373,0.2,9.41,0.01
623,YLMEPVWTV,1,9,9,HLA-A*02:01,623,0.1,0.1,0.4512632844310649,0.1,0.4530123063059849,0.1,1.81,0.01,0.000003162277660168379,0.2,9.38,0.01
235,YMMDEIIAV,1,9,9,HLA-A*02:01,235,0.1,0.1,0.5513533275627601,0.1,0.5889928191337401,0.1,1.88,0.01,0.000003162277660168379,0.2,9.79,0.01
147,YMMDPVPEV,1,9,9,HLA-A*02:01,147,0.1,0.1,0.6690059803314169,0.1,0.665441680828913,0.1,3.08,0.02,0.000003162277660168379,0.2,9.74,0.01
118,FLDDIPHHV,1,9,9,HLA-A*02:01,118,0.1,0.1,1.90734827099423,0.1,1.8971863880017399,0.1,3.29,0.02,0.000003162277660168379,0.2,14.33,0.18
552,YLMDYVHHV,1,9,9,HLA-A*02:01,552,0.1,0.1,0.1759665016452317,0.1,0.18841262487702715,0.1,1.84,0.01,0.0000032359365692962745,0.2,9.02,0.01
234,YMMDHIIAV,1,9,9,HLA-A*02:01,234,0.1,0.1,0.3276649591971513,0.1,0.3452311699189938,0.1,1.83,0.01,0.000003235936569296281,0.2,9.42,0.01
937,YLDDTFPEV,1,9,9,HLA-A*02:01,937,0.1,0.1,1.5255624833696138,0.1,1.5314753113062678,0.1,2.67,0.02,0.000003235936569296281,0.2,14.13,0.16
327,YLMDPWIHV,1,9,9,HLA-A*02:01,327,0.1,0.1,1.7637214632525904,0.1,1.8540011534460126,0.1,2.8,0.02,0.000003235936569296281,0.2,10.04,0.01
747,YMMDFIHFV,1,9,9,HLA-A*02:01,747,0.1,0.1,0.10875018389173671,0.1,0.1186069122884423,0.1,1.68,0.01,0.0000032359365692962877,0.2,9.11,0.01
297,YLMDHPHYV,1,9,9,HLA-A*02:01,297,0.1,0.1,0.29952287796792515,0.1,0.31558038379121817,0.1,2.37,0.01,0.0000033113112148259077,0.2,9.13,0.01
528,YLIDWVQHV,1,9,9,HLA-A*02:01,528,0.1,0.1,1.0725807543104169,0.1,1.210904797959244,0.1,2.09,0.01,0.0000033113112148259077,0.2,9.65,0.01
459,YLMEEVSTV,1,9,9,HLA-A*02:01,459,0.1,0.1,1.688223728040847,0.1,1.7262750751000224,0.1,2.33,0.01,0.0000033113112148259077,0.2,9.93,0.01
112,YLDDHPIEV,1,9,9,HLA-A*02:01,112,0.1,0.1,1.7315299186084276,0.1,1.726275075100024,0.1,3.61,0.02,0.0000033113112148259077,0.2,17.13,0.32
304,YLDDWPPSV,1,9,9,HLA-A*02:01,304,0.1,0.1,0.850021674838753,0.1,0.9017995203964219,0.1,3.6,0.02,0.0000033113112148259145,0.2,14.88,0.2
487,YMMDIVPTV,1,9,9,HLA-A*02:01,487,0.1,0.1,0.30579473239121197,0.1,0.32218847409607737,0.1,1.91,0.01,0.0000033884415613920343,0.3,9.34,0.01
548,YLMDGLHTV,1,9,9,HLA-A*02:01,548,0.1,0.1,0.3788174706652009,0.1,0.3838044448454873,0.1,1.86,0.01,0.0000034673685045253096,0.3,9.05,0.01
887,YLYDNVHHV,1,9,9,HLA-A*02:01,887,0.1,0.1,1.3440951066761062,0.1,1.393509712466182,0.1,2.31,0.01,0.0000034673685045253096,0.3,9.32,0.01
638,YMMDHVHPV,1,9,9,HLA-A*02:01,638,0.1,0.1,0.2298423217354055,0.1,0.2388416154765377,0.1,2.05,0.01,0.000003467368504525317,0.3,9.38,0.01
617,YLMEPVFHV,1,9,9,HLA-A*02:01,617,0.1,0.1,0.4725306678149814,0.1,0.4798549730057696,0.1,1.93,0.01,0.000003467368504525317,0.3,9.35,0.01
505,FMMDEVVHV,1,9,9,HLA-A*02:01,505,0.1,0.1,0.8519811771706325,0.1,0.9164525838342827,0.1,2.03,0.01,0.000003467368504525317,0.3,9.55,0.01
488,YMMDIVYTV,1,9,9,HLA-A*02:01,488,0.1,0.1,0.15046309813960554,0.1,0.1637231153961003,0.1,1.74,0.01,0.0000034673685045253236,0.3,9.41,0.01
229,YMMDHIPTV,1,9,9,HLA-A*02:01,229,0.1,0.1,0.35598360763322523,0.1,0.3648463450967081,0.1,2.25,0.01,0.0000034673685045253236,0.3,9.08,0.01
138,YLMDTVHHV,1,9,9,HLA-A*02:01,138,0.1,0.1,0.5894269650066163,0.1,0.6125055101456843,0.1,2.07,0.01,0.0000035481338923357457,0.3,9.15,0.01
844,YLMNHIHHV,1,9,9,HLA-A*02:01,844,0.1,0.1,1.0385561934507623,0.1,1.0048702759733765,0.1,2.23,0.01,0.000003548133892335753,0.3,9.19,0.01
60,YLMDHVTTV,1,9,9,HLA-A*02:01,60,0.1,0.1,0.656795245058436,0.1,0.6793756860630417,0.1,2.07,0.01,0.0000036307805477010027,0.3,9.13,0.01
561,YLMWILHEV,1,9,9,HLA-A*02:01,561,0.1,0.1,0.3150866479600629,0.1,0.3304532290726438,0.1,1.91,0.01,0.0000036307805477010103,0.3,9.77,0.01
869,YLIDHIFHV,1,9,9,HLA-A*02:01,869,0.1,0.1,0.3858602132640169,0.1,0.41030801442941184,0.1,1.83,0.01,0.0000036307805477010103,0.3,8.96,0.01
362,YLMEHVVEV,1,9,9,HLA-A*02:01,362,0.1,0.1,0.4230873106031535,0.1,0.44168230440679024,0.1,1.84,0.01,0.0000036307805477010103,0.3,9.49,0.01
788,YLDEHVSFV,1,9,9,HLA-A*02:01,788,0.1,0.1,1.868228530125444,0.1,1.8971863880017399,0.1,2.3,0.01,0.0000036307805477010103,0.3,13.31,0.13
940,YLDDDFIEV,1,9,9,HLA-A*02:01,940,0.1,0.1,1.181489863530505,0.1,1.1833412395997502,0.1,2.76,0.02,0.0000036307805477010175,0.3,16.4,0.25
40,YLDDDVPHV,1,9,9,HLA-A*02:01,40,0.1,0.1,1.6766020776423827,0.1,1.683100310072327,0.1,3.42,0.02,0.0000036307805477010175,0.3,16.36,0.24
549,YLMDYLHTV,1,9,9,HLA-A*02:01,549,0.1,0.1,0.15290792680964926,0.1,0.16147675003880524,0.1,1.76,0.01,0.0000037153522909717128,0.3,8.96,0.01
517,YMMDHVQYV,1,9,9,HLA-A*02:01,517,0.1,0.1,0.435943292580461,0.1,0.47327111595370863,0.1,1.97,0.01,0.0000037153522909717204,0.3,9.23,0.01
98,YMMDIVFEV,1,9,9,HLA-A*02:01,98,0.1,0.1,0.08383589402353457,0.1,0.08997254390546564,0.1,1.67,0.01,0.0000037153522909717276,0.3,9.29,0.01
242,YLMEDVHEV,1,9,9,HLA-A*02:01,242,0.1,0.1,0.3454856393840526,0.1,0.3460270099575688,0.1,2.03,0.01,0.0000037153522909717276,0.3,9.84,0.01
224,YMDDHIPFV,1,9,9,HLA-A*02:01,224,0.1,0.1,0.6628724966366701,0.1,0.6840848933447977,0.1,2.26,0.01,0.0000037153522909717276,0.3,12.72,0.11
522,YLIDEVHYV,1,9,9,HLA-A*02:01,522,0.1,0.1,0.7628339269500494,0.1,0.8358146902125964,0.1,1.97,0.01,0.0000037153522909717276,0.3,9.57,0.01
48,YLMEPVHEV,1,9,9,HLA-A*02:01,48,0.1,0.1,0.8080346788134591,0.1,0.7836280983738555,0.1,2.22,0.01,0.0000037153522909717276,0.3,9.89,0.01
51,YLMEPIHSV,1,9,9,HLA-A*02:01,51,0.1,0.1,0.8900819621856969,0.1,0.8612118560562695,0.1,2.14,0.01,0.0000037153522909717276,0.3,9.57,0.01
592,YLDWWVIHV,1,9,9,HLA-A*02:01,592,0.1,0.1,0.9108146344601268,0.1,1.0282767115547822,0.1,2.71,0.02,0.0000037153522909717276,0.3,13.64,0.14
677,YLDWEIFEV,1,9,9,HLA-A*02:01,677,0.1,0.1,0.9895323572428929,0.1,1.0377912388221067,0.1,2.09,0.01,0.0000037153522909717276,0.3,14.1,0.16
540,YLMDILHKV,1,9,9,HLA-A*02:01,540,0.1,0.1,0.47361996350340396,0.1,0.47218262259238625,0.1,1.91,0.01,0.0000038018939632056047,0.3,9.22,0.01
902,YLMDWLTTV,1,9,9,HLA-A*02:01,902,0.1,0.1,0.21499581191054543,0.1,0.2388416154765377,0.1,1.73,0.01,0.000003801893963205613,0.3,9.12,0.01
877,YMIDWIIEV,1,9,9,HLA-A*02:01,877,0.1,0.1,0.21400799588364708,0.1,0.2432820126333342,0.1,1.74,0.01,0.000003890451449942805,0.3,9.41,0.01
188,YLMEEVTEV,1,9,9,HLA-A*02:01,188,0.1,0.1,0.8306728192716263,0.1,0.8612118560562686,0.1,2.04,0.01,0.000003890451449942805,0.3,10.14,0.02
45,YLMEHVTEV,1,9,9,HLA-A*02:01,45,0.1,0.1,0.49366234286821803,0.1,0.5047891365665412,0.1,1.96,0.01,0.000003981071705534969,0.3,9.37,0.01
246,YLMEEIHTV,1,9,9,HLA-A*02:01,246,0.1,0.1,0.7234857807517545,0.1,0.7330101696403601,0.1,1.99,0.01,0.000003981071705534969,0.3,9.4,0.01
187,YLMWEVTEV,1,9,9,HLA-A*02:01,187,0.1,0.1,1.1760614107041816,0.1,1.2563481367330858,0.1,2.23,0.01,0.000003981071705534969,0.3,10.34,0.02
662,YLDDEIFQV,1,9,9,HLA-A*02:01,662,0.1,0.1,1.2718327383468502,0.1,1.3185906746596632,0.1,2.21,0.01,0.000003981071705534969,0.3,14.01,0.16
274,YLWDHIVEV,1,9,9,HLA-A*02:01,274,0.1,0.1,0.3314591406047458,0.1,0.3404944206915664,0.1,1.84,0.01,0.000004073802778041122,0.3,9.68,0.01
83,YLMWIIHHV,1,9,9,HLA-A*02:01,83,0.1,0.1,0.46071250462328345,0.1,0.4887761430186177,0.1,2.1,0.01,0.000004073802778041122,0.3,9.67,0.01
186,YLMWHVTEV,1,9,9,HLA-A*02:01,186,0.1,0.1,0.6989240744318632,0.1,0.7363935908553509,0.1,2.16,0.01,0.000004073802778041122,0.3,9.72,0.01
344,YLMDELTSV,1,9,9,HLA-A*02:01,344,0.1,0.1,0.8618466542419732,0.1,0.895591576163987,0.1,2.05,0.01,0.000004073802778041122,0.3,9.58,0.01
588,YLDWWVPHV,1,9,9,HLA-A*02:01,588,0.1,0.1,0.9493579684442813,0.1,1.052228353059507,0.1,2.14,0.01,0.000004073802778041122,0.3,12.61,0.1
826,YLMWEIHTV,1,9,9,HLA-A*02:01,826,0.1,0.1,1.0243066682757265,0.1,1.06932568839821,0.1,2.25,0.01,0.000004073802778041122,0.3,9.71,0.01
773,YLMDPVHQV,1,9,9,HLA-A*02:01,773,0.1,0.1,1.4703813988234946,0.1,1.452479461332354,0.1,2.62,0.02,0.000004073802778041122,0.3,9.68,0.01
345,YLMDHLTSV,1,9,9,HLA-A*02:01,345,0.1,0.1,0.5121887085450711,0.1,0.5249404026069854,0.1,1.96,0.01,0.000004168693834703346,0.3,9.14,0.01
255,YLMWHVHSV,1,9,9,HLA-A*02:01,255,0.1,0.1,0.620054694590295,0.1,0.6398968908333474,0.1,2.22,0.01,0.000004168693834703346,0.3,9.49,0.01
446,YMMDHIPQV,1,9,9,HLA-A*02:01,446,0.1,0.1,0.4868890415995648,0.1,0.5024698411585349,0.1,2.43,0.01,0.000004168693834703355,0.3,8.98,0.01
859,FLIHWIHHV,1,9,9,HLA-A*02:01,859,0.1,0.1,0.925614181717605,0.1,0.9508455974779078,0.1,2.19,0.01,0.000004168693834703355,0.3,9.43,0.01
546,YLMDHLHTV,1,9,9,HLA-A*02:01,546,0.1,0.1,0.404976665349419,0.1,0.4065462879421839,0.1,1.94,0.01,0.000004265795188015916,0.3,8.97,0.01
868,YLIDDIFHV,1,9,9,HLA-A*02:01,868,0.1,0.1,0.3939399269131006,0.1,0.4188996524126869,0.1,1.85,0.01,0.000004265795188015926,0.3,9.34,0.01
661,YLDDEIFHV,1,9,9,HLA-A*02:01,661,0.1,0.1,0.9625648533455,0.1,0.9956575699076328,0.1,2.15,0.01,0.000004265795188015926,0.3,13.76,0.15
166,YLDDNVHEV,1,9,9,HLA-A*02:01,166,0.1,0.1,1.5255624833696144,0.1,1.5035227366608188,0.1,2.8,0.02,0.000004265795188015926,0.3,15.37,0.2
303,YLDDWPPTV,1,9,9,HLA-A*02:01,303,0.1,0.1,0.9804602700613004,0.1,1.040183594702751,0.1,3.26,0.02,0.000004265795188015934,0.3,14.61,0.19
883,YLYDHIVHV,1,9,9,HLA-A*02:01,883,0.1,0.1,1.077531562128956,0.1,1.1510919056014495,0.1,2.03,0.01,0.000004365158322401657,0.3,9.06,0.01
96,YMMDIVPHV,1,9,9,HLA-A*02:01,96,0.1,0.1,0.3165410218465694,0.1,0.3350502914102044,0.1,1.91,0.01,0.000004365158322401665,0.3,9.27,0.01
275,YLWDHITEV,1,9,9,HLA-A*02:01,275,0.1,0.1,0.38674971292037913,0.1,0.3891436965251852,0.1,1.93,0.01,0.000004466835921509625,0.4,9.52,0.01
526,YLIDWVTEV,1,9,9,HLA-A*02:01,526,0.1,0.1,0.41155700680448054,0.1,0.46356431845985635,0.1,1.88,0.01,0.000004466835921509625,0.4,9.55,0.01
751,YLMEFITQV,1,9,9,HLA-A*02:01,751,0.1,0.1,0.49594098471123893,0.1,0.5310189259881453,0.1,1.87,0.01,0.000004466835921509625,0.4,9.15,0.01
62,YMMDHVPTV,1,9,9,HLA-A*02:01,62,0.1,0.1,0.41824427020682925,0.1,0.42964523540311733,0.1,2.38,0.01,0.000004466835921509635,0.4,9.09,0.01
257,YLMNHVHHV,1,9,9,HLA-A*02:01,257,0.1,0.1,1.220197132352606,0.1,1.1833412395997502,0.1,2.36,0.01,0.0000045708818961487425,0.4,9.25,0.01
244,YLMEELHEV,1,9,9,HLA-A*02:01,244,0.1,0.1,0.5121887085450711,0.1,0.5153591604674903,0.1,1.93,0.01,0.000004570881896148752,0.4,9.71,0.01
32,YLDDEIHEV,1,9,9,HLA-A*02:01,32,0.1,0.1,1.6460006409884413,0.1,1.6259605339733993,0.1,2.9,0.02,0.000004570881896148752,0.4,15.59,0.2
423,YLMDEPWHV,1,9,9,HLA-A*02:01,423,0.1,0.1,0.49823014428712753,0.1,0.5213267382935435,0.1,2.06,0.01,0.000004677351412871972,0.4,9.58,0.01
291,YLMEHLHEV,1,9,9,HLA-A*02:01,291,0.1,0.1,0.3043897332197726,0.1,0.3020716723819056,0.1,1.9,0.01,0.000004677351412871981,0.4,9.19,0.01
870,YLIDHVFHV,1,9,9,HLA-A*02:01,870,0.1,0.1,0.45334622111233897,0.1,0.4831811687755367,0.1,1.89,0.01,0.000004677351412871981,0.4,9.03,0.01
752,YLMEIITQV,1,9,9,HLA-A*02:01,752,0.1,0.1,0.6272345895649388,0.1,0.6608608125193944,0.1,1.94,0.01,0.000004677351412871981,0.4,9.3,0.01
560,YLMWELHEV,1,9,9,HLA-A*02:01,560,0.1,0.1,0.7251535877223622,0.1,0.7518132924535067,0.1,2.04,0.01,0.000004677351412871981,0.4,9.8,0.01
593,YLDGWVIHV,1,9,9,HLA-A*02:01,593,0.1,0.1,1.3195626062024925,0.1,1.3807339386298276,0.1,2.68,0.02,0.000004677351412871981,0.4,13.51,0.14
737,YLWEFIHEV,1,9,9,HLA-A*02:01,737,0.1,0.1,0.17196101504910205,0.1,0.1746264398372146,0.1,1.84,0.01,0.000004677351412871991,0.4,9.38,0.01
481,FMMHIIHEV,1,9,9,HLA-A*02:01,481,0.1,0.1,0.470359586607768,0.1,0.4488590645175171,0.1,1.98,0.01,0.000004677351412871991,0.4,9.53,0.01
512,YMMDVVPHV,1,9,9,HLA-A*02:01,512,0.1,0.1,0.33069680573592397,0.1,0.34602700995756863,0.1,1.91,0.01,0.00000478630092322638,0.4,9.24,0.01
795,YLMEDVHSV,1,9,9,HLA-A*02:01,795,0.1,0.1,0.44712607777153046,0.1,0.44782671731645857,0.1,2.02,0.01,0.00000478630092322638,0.4,9.38,0.01
286,YLMENVHHV,1,9,9,HLA-A*02:01,286,0.1,0.1,0.6941127149460311,0.1,0.7048715793062634,0.1,2.06,0.01,0.00000478630092322638,0.4,9.5,0.01
50,YLMEPIHTV,1,9,9,HLA-A*02:01,50,0.1,0.1,1.026667939010882,0.1,0.9933676210422533,0.1,2.16,0.01,0.00000478630092322638,0.4,9.44,0.01
793,YLMEPVHSV,1,9,9,HLA-A*02:01,793,0.1,0.1,1.0457551210677543,0.1,1.0141682261588045,0.1,2.22,0.01,0.00000478630092322638,0.4,9.66,0.01
903,YLMDWLTHV,1,9,9,HLA-A*02:01,903,0.1,0.1,0.22255123056806667,0.1,0.2483762123732415,0.1,1.75,0.01,0.000004897788193684457,0.4,9.04,0.01
389,YLMEFVHHV,1,9,9,HLA-A*02:01,389,0.1,0.1,0.3022943290351228,0.1,0.31703703665877375,0.1,1.85,0.01,0.000004897788193684457,0.4,9.09,0.01
886,YLYDHVHHV,1,9,9,HLA-A*02:01,886,0.1,0.1,1.0125815268017087,0.1,1.040183594702751,0.1,2.22,0.01,0.000004897788193684457,0.4,9.06,0.01
968,YLMDPPTYV,1,9,9,HLA-A*02:01,968,0.1,0.1,1.04334995103206,0.1,1.0867008330877375,0.1,2.95,0.02,0.000004897788193684457,0.4,10.06,0.01
496,YMMDVVYHV,1,9,9,HLA-A*02:01,496,0.1,0.1,0.16271590274564302,0.1,0.1758368924909356,0.1,1.78,0.01,0.000004897788193684467,0.4,9.36,0.01
736,YLWEIIHEV,1,9,9,HLA-A*02:01,736,0.1,0.1,0.21748534608063316,0.1,0.2173251559790303,0.1,1.9,0.01,0.000004897788193684467,0.4,9.78,0.01
471,YMMWEVPEV,1,9,9,HLA-A*02:01,471,0.1,0.1,0.748910638649068,0.1,0.7945294511244344,0.1,2.19,0.01,0.000004897788193684467,0.4,9.9,0.01
523,YLIDEVHEV,1,9,9,HLA-A*02:01,523,0.1,0.1,1.3044576979550504,0.1,1.3462012826087961,0.1,2.38,0.01,0.000004897788193684467,0.4,10.65,0.03
388,YLMWFVHHV,1,9,9,HLA-A*02:01,388,0.1,0.1,0.4279864307642263,0.1,0.4624981501132577,0.1,2.08,0.01,0.000005011872336272715,0.4,9.65,0.01
79,YLMETIHHV,1,9,9,HLA-A*02:01,79,0.1,0.1,0.5628983815824349,0.1,0.5769125678191357,0.1,2,0.01,0.000005011872336272715,0.4,9.07,0.01
982,YLMDHHVYV,1,9,9,HLA-A*02:01,982,0.1,0.1,0.7575826151340561,0.1,0.7764437527843883,0.1,2.29,0.01,0.000005011872336272715,0.4,9.28,0.01
926,YLDDEVWTV,1,9,9,HLA-A*02:01,926,0.1,0.1,1.0800155289161149,0.1,1.1069041099744032,0.1,2.04,0.01,0.000005011872336272715,0.4,14.38,0.18
141,YLMDPVVHV,1,9,9,HLA-A*02:01,141,0.1,0.1,1.3913295209478074,0.1,1.4292559208409858,0.1,2.32,0.01,0.000005011872336272715,0.4,9.9,0.01
831,YLMWTIHHV,1,9,9,HLA-A*02:01,831,0.1,0.1,0.7969480273923188,0.1,0.8416082808666244,0.1,2.33,0.01,0.000005128613839913638,0.4,9.48,0.01
825,YLMGEIHTV,1,9,9,HLA-A*02:01,825,0.1,0.1,1.4839866703960836,0.1,1.435853066425741,0.1,2.29,0.01,0.000005128613839913638,0.4,9.54,0.01
557,YLMDTLHHV,1,9,9,HLA-A*02:01,557,0.1,0.1,0.53018812951204,0.1,0.5458961105294294,0.1,1.96,0.01,0.000005248074602497712,0.4,9.06,0.01
846,YLMGHIHTV,1,9,9,HLA-A*02:01,846,0.1,0.1,0.8819216417064248,0.1,0.841608280866624,0.1,2.18,0.01,0.000005248074602497712,0.4,9.14,0.01
343,YLMDELTTV,1,9,9,HLA-A*02:01,343,0.1,0.1,0.994099831077612,0.1,1.0330230212034772,0.1,2.04,0.01,0.000005248074602497712,0.4,9.53,0.01
715,YLMHHPIEV,1,9,9,HLA-A*02:01,715,0.1,0.1,1.3104788011158484,0.1,1.2476994969933661,0.1,2.63,0.02,0.000005248074602497723,0.4,10.04,0.01
816,YLMKEIVEV,1,9,9,HLA-A*02:01,816,0.1,0.1,1.7718624316364677,0.1,1.7462643983721455,0.1,2.23,0.01,0.000005248074602497723,0.4,10.68,0.03
148,YMMDPVPTV,1,9,9,HLA-A*02:01,148,0.1,0.1,0.9986883874136548,0.1,0.9933676210422517,0.1,2.75,0.02,0.000005248074602497734,0.4,9.68,0.01
369,YLDWPIWEV,1,9,9,HLA-A*02:01,369,0.1,0.1,1.3881295518478303,0.1,1.380733938629827,0.1,2.4,0.01,0.000005248074602497734,0.4,15.14,0.2
901,YLMDSLTTV,1,9,9,HLA-A*02:01,901,0.1,0.1,0.735241478999505,0.1,0.750084169863507,0.1,1.96,0.01,0.000005370317963702511,0.4,9.38,0.01
447,YMMDHVPQV,1,9,9,HLA-A*02:01,447,0.1,0.1,0.5720447445021797,0.1,0.591711486462342,0.1,2.58,0.02,0.000005370317963702522,0.4,8.98,0.01
84,YLMWHIHHV,1,9,9,HLA-A*02:01,84,0.1,0.1,0.6301297728857259,0.1,0.6517934622454531,0.1,2.14,0.01,0.000005370317963702522,0.4,9.4,0.01
738,YLWEVIHEV,1,9,9,HLA-A*02:01,738,0.1,0.1,0.22721133843467048,0.1,0.2244450335962183,0.1,1.95,0.01,0.000005370317963702533,0.4,9.82,0.01
266,YLWDPVHEV,1,9,9,HLA-A*02:01,266,0.1,0.1,0.7437551740755597,0.1,0.7113936757282773,0.1,2.44,0.01,0.000005370317963702533,0.4,10.59,0.03
294,YLMDHLHHV,1,9,9,HLA-A*02:01,294,0.1,0.1,0.41920842282437326,0.1,0.4227756831740244,0.1,1.99,0.01,0.000005495408738576237,0.4,8.99,0.01
556,YLMDKLHHV,1,9,9,HLA-A*02:01,556,0.1,0.1,0.6243527084032017,0.1,0.6253310592962439,0.1,2.03,0.01,0.000005495408738576237,0.4,9.21,0.01
392,YLDETVYHV,1,9,9,HLA-A*02:01,392,0.1,0.1,1.1466476887558703,0.1,1.1998031560419422,0.1,2.36,0.01,0.000005495408738576237,0.4,12.78,0.11
243,YLMEDLHEV,1,9,9,HLA-A*02:01,243,0.1,0.1,0.3107634970793131,0.1,0.3083968972442981,0.1,1.93,0.01,0.0000054954087385762485,0.4,9.53,0.01
223,YMDDHIPYV,1,9,9,HLA-A*02:01,223,0.1,0.1,0.5314103393766417,0.1,0.5573268932419456,0.1,2.37,0.01,0.0000054954087385762485,0.4,12.06,0.09
835,YLMHIIHEV,1,9,9,HLA-A*02:01,835,0.1,0.1,0.5412899952119627,0.1,0.5165471860279948,0.1,1.98,0.01,0.000005623413251903491,0.4,9.46,0.01
462,YMMEEVISV,1,9,9,HLA-A*02:01,462,0.1,0.1,0.6567952450584367,0.1,0.6888267432919859,0.1,1.88,0.01,0.000005623413251903491,0.4,9.54,0.01
891,YLDDALHEV,1,9,9,HLA-A*02:01,891,0.1,0.1,1.2343263492347427,0.1,1.202568987963235,0.1,2.52,0.01,0.000005623413251903491,0.4,14.49,0.18
42,YLDEHVPHV,1,9,9,HLA-A*02:01,42,0.1,0.1,1.842595473733676,0.1,1.8285633039804043,0.1,2.52,0.01,0.000005623413251903491,0.4,13.15,0.13
639,YMMDHVHFV,1,9,9,HLA-A*02:01,639,0.1,0.1,0.2210191986729745,0.1,0.2317981684129945,0.1,1.93,0.01,0.000005754399373371567,0.4,9.04,0.01
463,YMMEHVISV,1,9,9,HLA-A*02:01,463,0.1,0.1,0.39032826395422215,0.1,0.40374764298134064,0.1,1.82,0.01,0.000005754399373371567,0.4,9.2,0.01
271,YLWDHVTEV,1,9,9,HLA-A*02:01,271,0.1,0.1,0.4543912920837185,0.1,0.4582579415860263,0.1,2,0.01,0.000005754399373371567,0.4,9.64,0.01
240,YLMEDIHQV,1,9,9,HLA-A*02:01,240,0.1,0.1,0.6003852304426147,0.1,0.6041016194927674,0.1,2.05,0.01,0.000005754399373371567,0.4,9.4,0.01
393,YLDEHVYHV,1,9,9,HLA-A*02:01,393,0.1,0.1,0.9066298213446614,0.1,0.929201709237379,0.1,2.21,0.01,0.000005754399373371567,0.4,12.15,0.09
278,YLWDHIHTV,1,9,9,HLA-A*02:01,278,0.1,0.1,0.39575827099801736,0.1,0.3900407653921898,0.1,1.97,0.01,0.000005888436553555884,0.4,9.11,0.01
394,YLDWHVYHV,1,9,9,HLA-A*02:01,394,0.1,0.1,1.2836008617833725,0.1,1.3555327041077154,0.1,2.48,0.01,0.000005888436553555884,0.4,12.15,0.09
865,YLIDNIHHV,1,9,9,HLA-A*02:01,865,0.1,0.1,1.3534119288609152,0.1,1.3935097124661813,0.1,2.26,0.01,0.000005888436553555884,0.4,9.55,0.01
539,YLMDPLHKV,1,9,9,HLA-A*02:01,539,0.1,0.1,1.5467851715411751,0.1,1.455827772293985,0.1,2.62,0.02,0.000005888436553555884,0.4,9.56,0.01
472,YMMWPVPEV,1,9,9,HLA-A*02:01,472,0.1,0.1,1.062747274847941,0.1,1.0767378999649138,0.1,2.3,0.01,0.000005888436553555896,0.4,10.34,0.02
290,YLMEHLHSV,1,9,9,HLA-A*02:01,290,0.1,0.1,0.3939399269131004,0.1,0.3909399022165049,0.1,1.9,0.01,0.000006025595860743569,0.4,9.08,0.01
979,YLMDHFVSV,1,9,9,HLA-A*02:01,979,0.1,0.1,0.5538982588920842,0.1,0.5755857057331849,0.1,1.92,0.01,0.000006025595860743569,0.4,9.03,0.01
379,YLMEIPHEV,1,9,9,HLA-A*02:01,379,0.1,0.1,0.42017479804324415,0.1,0.4227756831740242,0.1,2.07,0.01,0.000006025595860743581,0.4,9.75,0.01
480,FMMHIVHEV,1,9,9,HLA-A*02:01,480,0.1,0.1,0.5526243282478343,0.1,0.5285791156447895,0.1,2.05,0.01,0.000006025595860743581,0.4,9.56,0.01
796,YLMEDVTSV,1,9,9,HLA-A*02:01,796,0.1,0.1,0.652273898394093,0.1,0.6669756823301818,0.1,2.04,0.01,0.000006025595860743581,0.4,9.66,0.01
24,YLDDHVHEV,1,9,9,HLA-A*02:01,24,0.1,0.1,1.1492909846699246,0.1,1.1223026800217741,0.1,2.78,0.02,0.000006025595860743581,0.4,13.82,0.15
943,YLDDDFITV,1,9,9,HLA-A*02:01,943,0.1,0.1,1.7637214632525886,0.1,1.7664851870987863,0.1,2.7,0.02,0.000006025595860743581,0.4,15.18,0.2
590,YLMWWVTHV,1,9,9,HLA-A*02:01,590,0.1,0.1,0.39303389022345236,0.1,0.4509309038238866,0.1,1.96,0.01,0.000006165950018614809,0.5,9.7,0.01
486,YMMEIVPTV,1,9,9,HLA-A*02:01,486,0.1,0.1,0.3431073329712701,0.1,0.3573633412351915,0.1,1.84,0.01,0.000006165950018614822,0.5,9.42,0.01
145,YMMDPVIHV,1,9,9,HLA-A*02:01,145,0.1,0.1,0.9918134649121237,0.1,1.009508546424261,0.1,2.29,0.01,0.000006165950018614822,0.5,9.67,0.01
80,YLMEPIHHV,1,9,9,HLA-A*02:01,80,0.1,0.1,1.062747274847941,0.1,1.0330230212034783,0.1,2.23,0.01,0.000006165950018614822,0.5,9.47,0.01
49,YLMEPVHTV,1,9,9,HLA-A*02:01,49,0.1,0.1,1.2062296512786914,0.1,1.169795644441511,0.1,2.26,0.01,0.000006165950018614822,0.5,9.53,0.01
268,YLADTVHEV,1,9,9,HLA-A*02:01,268,0.1,0.1,1.2984642592503597,0.1,1.3065017626905004,0.1,2.51,0.01,0.000006165950018614822,0.5,10.03,0.01
524,YLIDEVTEV,1,9,9,HLA-A*02:01,524,0.1,0.1,1.9029614917027804,0.1,2.004979793082052,0.1,2.39,0.01,0.000006165950018614822,0.5,11.16,0.05
637,YMMEHVHPV,1,9,9,HLA-A*02:01,637,0.1,0.1,0.25788732656673413,0.1,0.2649171047231621,0.1,1.91,0.01,0.00000630957344480193,0.5,9.5,0.01
448,YMMDDVPQV,1,9,9,HLA-A*02:01,448,0.1,0.1,0.5840230661097472,0.1,0.6041016194927671,0.1,2.8,0.02,0.00000630957344480193,0.5,9.4,0.01
525,YLIDHVTEV,1,9,9,HLA-A*02:01,525,0.1,0.1,1.130915092666355,0.1,1.1751951758048318,0.1,2.25,0.01,0.00000630957344480193,0.5,9.78,0.01
149,YMMDPVPQV,1,9,9,HLA-A*02:01,149,0.1,0.1,1.3659348952534909,0.1,1.3680752937920426,0.1,3.14,0.02,0.00000630957344480193,0.5,9.61,0.01
735,YLWEIVHEV,1,9,9,HLA-A*02:01,735,0.1,0.1,0.2555230013453132,0.1,0.25592340187724727,0.1,1.96,0.01,0.000006309573444801943,0.5,9.89,0.01
254,YLMWHVHQV,1,9,9,HLA-A*02:01,254,0.1,0.1,0.9782052740156371,0.1,1.0165061253711416,0.1,2.43,0.01,0.000006456542290346536,0.5,9.46,0.01
834,YLMHYIHEV,1,9,9,HLA-A*02:01,834,0.1,0.1,0.27953101405065856,0.1,0.2735961614841324,0.1,1.94,0.01,0.000006456542290346549,0.5,9.24,0.01
930,YLDDWLAEV,1,9,9,HLA-A*02:01,930,0.1,0.1,0.4791042242073663,0.1,0.511811452961004,0.1,2.1,0.01,0.000006456542290346549,0.5,13.54,0.14
221,YMDDHVIYV,1,9,9,HLA-A*02:01,221,0.1,0.1,0.5990043827307152,0.1,0.641372005512025,0.1,2.05,0.01,0.000006456542290346549,0.5,12.82,0.11
390,YLMETVHHV,1,9,9,HLA-A*02:01,390,0.1,0.1,0.6613479322006208,0.1,0.679375686063042,0.1,2.09,0.01,0.000006456542290346549,0.5,9.18,0.01
541,YLMDIPHKV,1,9,9,HLA-A*02:01,541,0.1,0.1,0.8941903938537289,0.1,0.8812720571714817,0.1,2.51,0.01,0.000006456542290346549,0.5,9.69,0.01
538,YLMDPLHHV,1,9,9,HLA-A*02:01,538,0.1,0.1,1.0009906019122767,0.1,0.9774847712090947,0.1,2.33,0.01,0.000006456542290346549,0.5,9.39,0.01
269,YLADHVHEV,1,9,9,HLA-A*02:01,269,0.1,0.1,1.0266679390108824,0.1,1.0118357039654453,0.1,2.62,0.02,0.000006456542290346549,0.5,9.76,0.01
401,YLDDEVWHV,1,9,9,HLA-A*02:01,401,0.1,0.1,1.1179696146495648,0.1,1.151091905601449,0.1,2.2,0.01,0.000006456542290346549,0.5,14.64,0.19
153,YMMDIVHYV,1,9,9,HLA-A*02:01,153,0.1,0.1,0.12954778743253878,0.1,0.14161524237963757,0.1,1.71,0.01,0.0000064565422903465625,0.5,9.19,0.01
797,YLMEDVTWV,1,9,9,HLA-A*02:01,797,0.1,0.1,0.48913641930443696,0.1,0.5201277200678714,0.1,1.93,0.01,0.0000064565422903465625,0.5,9.68,0.01
279,YLIDHIHTV,1,9,9,HLA-A*02:01,279,0.1,0.1,0.984985869044202,0.1,1.0002533164394218,0.1,2.18,0.01,0.0000064565422903465625,0.5,9.15,0.01
381,YLMEVPHEV,1,9,9,HLA-A*02:01,381,0.1,0.1,0.43896510712279335,0.1,0.4366264088765405,0.1,2.11,0.01,0.000006606934480075951,0.5,9.87,0.01
651,YMDDPIYYV,1,9,9,HLA-A*02:01,651,0.1,0.1,0.6243527084032023,0.1,0.6548020041720058,0.1,2.37,0.01,0.000006606934480075951,0.5,13.01,0.12
285,YLMEEVHHV,1,9,9,HLA-A*02:01,285,0.1,0.1,0.8798932782169913,0.1,0.8976561279676066,0.1,2.07,0.01,0.000006606934480075951,0.5,9.52,0.01
334,YLMDHHVEV,1,9,9,HLA-A*02:01,334,0.1,0.1,1.2954778743253867,0.1,1.2505757413836112,0.1,2.86,0.02,0.000006606934480075951,0.5,9.68,0.01
336,YLMDHWVEV,1,9,9,HLA-A*02:01,336,0.1,0.1,0.6736433082469504,0.1,0.727964163125593,0.1,2.1,0.01,0.000006760829753919805,0.5,9.51,0.01
256,YLMWHVHHV,1,9,9,HLA-A*02:01,256,0.1,0.1,0.7403379294580401,0.1,0.7675558746420543,0.1,2.26,0.01,0.000006918309709189348,0.5,9.44,0.01
287,YLMENLHHV,1,9,9,HLA-A*02:01,287,0.1,0.1,0.6243527084032017,0.1,0.6282174563205221,0.1,1.97,0.01,0.000007079457843841373,0.5,9.32,0.01
222,YMDDHVPYV,1,9,9,HLA-A*02:01,222,0.1,0.1,0.6243527084032017,0.1,0.6563114786855087,0.1,2.49,0.01,0.000007079457843841373,0.5,12.53,0.1
833,YLMHTIHEV,1,9,9,HLA-A*02:01,833,0.1,0.1,0.9363322887971172,0.1,0.8894263671190548,0.1,2.29,0.01,0.000007079457843841373,0.5,9.42,0.01
361,YLMEHVVKV,1,9,9,HLA-A*02:01,361,0.1,0.1,1.0102526539156023,0.1,1.0211981044625589,0.1,2.04,0.01,0.000007079457843841373,0.5,9.38,0.01
461,YMMEEVITV,1,9,9,HLA-A*02:01,461,0.1,0.1,0.7575826151340561,0.1,0.794529451124434,0.1,1.93,0.01,0.0000072443596007498914,0.5,9.64,0.01
664,YLDEEIFQV,1,9,9,HLA-A*02:01,664,0.1,0.1,1.4270198032105659,0.1,1.4625475679723563,0.1,2.17,0.01,0.0000072443596007498914,0.5,13.27,0.13
836,YLMHIVHEV,1,9,9,HLA-A*02:01,836,0.1,0.1,0.6359602918877645,0.1,0.6082890518719303,0.1,2.06,0.01,0.000007244359600749906,0.5,9.51,0.01
464,YMMEHVITV,1,9,9,HLA-A*02:01,464,0.1,0.1,0.4502254076776486,0.1,0.46570403413441447,0.1,1.85,0.01,0.000007413102413009162,0.5,9.2,0.01
241,YLMEDVHQV,1,9,9,HLA-A*02:01,241,0.1,0.1,0.7053911392688338,0.1,0.7113936757282766,0.1,2.15,0.01,0.000007413102413009177,0.5,9.57,0.01
927,YLDDELWTV,1,9,9,HLA-A*02:01,927,0.1,0.1,0.9714713562749264,0.1,0.9865293264387859,0.1,1.98,0.01,0.000007413102413009177,0.5,13.48,0.14
288,YLMEILHHV,1,9,9,HLA-A*02:01,288,0.1,0.1,0.343898277060042,0.1,0.35164949656733435,0.1,1.86,0.01,0.000007585775750291836,0.5,9.15,0.01
529,YLIDWVHHV,1,9,9,HLA-A*02:01,529,0.1,0.1,0.435943292580461,0.1,0.4831811687755367,0.1,1.93,0.01,0.000007585775750291836,0.5,9.19,0.01
245,YLMEELHTV,1,9,9,HLA-A*02:01,245,0.1,0.1,0.7645924407655679,0.1,0.7693252736711942,0.1,1.96,0.01,0.000007585775750291836,0.5,9.38,0.01
67,YLDDHVTEV,1,9,9,HLA-A*02:01,67,0.1,0.1,1.6766020776423827,0.1,1.6715139290350773,0.1,2.8,0.02,0.000007585775750291836,0.5,15.12,0.2
742,YLDDVIHKV,1,9,9,HLA-A*02:01,742,0.1,0.1,1.7841443952635248,0.1,1.706514567719268,0.1,2.58,0.02,0.000007585775750291836,0.5,13.09,0.13
347,YLDDHITSV,1,9,9,HLA-A*02:01,347,0.1,0.1,1.8468430949818921,0.1,1.8370035687023472,0.1,2.59,0.02,0.000007585775750291836,0.5,13.57,0.14
27,YLDDIIHHV,1,9,9,HLA-A*02:01,27,0.1,0.1,1.1051723222942513,0.1,1.1094557874773012,0.1,2.32,0.01,0.000007585775750291852,0.5,12.55,0.1
482,FMMHIIHTV,1,9,9,HLA-A*02:01,482,0.1,0.1,0.7021501613799637,0.1,0.6700543022006075,0.1,2.1,0.01,0.000007762471166286928,0.5,9.51,0.01
941,YLDDDFIHV,1,9,9,HLA-A*02:01,941,0.1,0.1,1.8257024568901479,0.1,1.8370035687023472,0.1,3.21,0.02,0.000007762471166286928,0.5,14.92,0.2
380,YLMEHPHEV,1,9,9,HLA-A*02:01,380,0.1,0.1,0.5746851830726593,0.1,0.5637804345100528,0.1,2.85,0.02,0.000007943282347242805,0.5,9.72,0.01
270,YLADHVTEV,1,9,9,HLA-A*02:01,270,0.1,0.1,1.4977178299965768,0.1,1.5069887145243575,0.1,2.61,0.02,0.000008128305161640978,0.5,10,0.01
6,YLMGFVYAL,1,9,9,HLA-A*02:01,6,0.1,0.1,0.7037687846683796,0.1,0.7449206267579427,0.1,2.06,0.01,0.000008128305161640995,0.5,9.91,0.01
532,YLIDEVHTV,1,9,9,HLA-A*02:01,532,0.1,0.1,1.9472871590395857,0.1,2.009601748846485,0.1,2.44,0.01,0.000008128305161640995,0.5,9.97,0.01
876,YMIDWIIHV,1,9,9,HLA-A*02:01,876,0.1,0.1,0.3306968057359243,0.1,0.3776678361684461,0.1,1.81,0.01,0.00000831763771102671,0.6,9.14,0.01
427,YMMDEILEV,1,9,9,HLA-A*02:01,427,0.1,0.1,0.5241191161795017,0.1,0.5484158524894247,0.1,1.92,0.01,0.00000831763771102671,0.6,9.68,0.01
338,YLMDHPVTV,1,9,9,HLA-A*02:01,338,0.1,0.1,0.9559386035033585,0.1,0.9888035114070576,0.1,2.26,0.01,0.00000831763771102671,0.6,9.45,0.01
280,YLIDHIHHV,1,9,9,HLA-A*02:01,280,0.1,0.1,1.019600406630952,0.1,1.0401835947027502,0.1,2.2,0.01,0.00000831763771102671,0.6,9.27,0.01
866,YLIDKIHHV,1,9,9,HLA-A*02:01,866,0.1,0.1,1.5185531604543623,0.1,1.5385442801597968,0.1,2.34,0.01,0.00000831763771102671,0.6,9.49,0.01
75,YLDEEIHEV,1,9,9,HLA-A*02:01,75,0.1,0.1,1.8468430949818921,0.1,1.8034744748938998,0.1,2.55,0.02,0.00000831763771102671,0.6,14.91,0.2
44,YLMEHVTHV,1,9,9,HLA-A*02:01,44,0.1,0.1,0.7628339269500486,0.1,0.783628098373855,0.1,2.02,0.01,0.00000851138038202376,0.6,9.1,0.01
76,YLDEHIHEV,1,9,9,HLA-A*02:01,76,0.1,0.1,1.0975643695410533,0.1,1.0570852184622124,0.1,2.32,0.01,0.00000851138038202376,0.6,13.04,0.12
981,YLMDHHVSV,1,9,9,HLA-A*02:01,981,0.1,0.1,1.6766020776423836,0.1,1.618489923916903,0.1,2.78,0.02,0.00000851138038202376,0.6,9.37,0.01
122,YLMDPPHTV,1,9,9,HLA-A*02:01,122,0.1,0.1,1.8257024568901488,0.1,1.754324788605661,0.1,3.95,0.02,0.00000851138038202376,0.6,10.12,0.02
248,YLMHWIHTV,1,9,9,HLA-A*02:01,248,0.1,0.1,0.4021888255945022,0.1,0.4056112574267391,0.1,1.89,0.01,0.000008709635899560797,0.6,9.2,0.01
882,YLWDHIVHV,1,9,9,HLA-A*02:01,882,0.1,0.1,0.5121887085450708,0.1,0.5285791156447901,0.1,1.95,0.01,0.000008709635899560797,0.6,9.41,0.01
980,YLMDHWVSV,1,9,9,HLA-A*02:01,980,0.1,0.1,0.8718263681538145,0.1,0.942128192641762,0.1,2.11,0.01,0.000008709635899560797,0.6,9.41,0.01
714,YLMHHPITV,1,9,9,HLA-A*02:01,714,0.1,0.1,1.9562754281775234,0.1,1.8625588339462222,0.1,2.67,0.02,0.000008709635899560797,0.6,9.84,0.01
73,YLDDELHEV,1,9,9,HLA-A*02:01,73,0.1,0.1,1.7395222975734899,0.1,1.706514567719268,0.1,2.86,0.02,0.000008709635899560814,0.6,15.34,0.2
566,YLMHPIHEV,1,9,9,HLA-A*02:01,566,0.1,0.1,1.7677872611284888,0.1,1.592612059696724,0.1,2.65,0.02,0.000008709635899560814,0.6,9.76,0.01
904,YLMEWLTHV,1,9,9,HLA-A*02:01,904,0.1,0.1,0.24970658772498194,0.1,0.2754926394746649,0.1,1.74,0.01,0.00000891250938133744,0.6,9.11,0.01
181,YLMHHVFHV,1,9,9,HLA-A*02:01,181,0.1,0.1,0.5086628262761025,0.1,0.49671811644905056,0.1,1.91,0.01,0.00000891250938133744,0.6,9.21,0.01
424,YLMDEPLHV,1,9,9,HLA-A*02:01,424,0.1,0.1,1.608533092091029,0.1,1.6753671665920291,0.1,2.63,0.02,0.00000891250938133744,0.6,10.19,0.02
874,YMIDWIPHV,1,9,9,HLA-A*02:01,874,0.1,0.1,0.3446910444632455,0.1,0.38646485016100685,0.1,1.89,0.01,0.000009120108393559096,0.6,9.12,0.01
837,YLMHIVHSV,1,9,9,HLA-A*02:01,837,0.1,0.1,0.8230571650884643,0.1,0.7872451613322072,0.1,2.11,0.01,0.000009332543007969906,0.7,9.49,0.01
443,YMDDHIHPV,1,9,9,HLA-A*02:01,443,0.1,0.1,0.7454697068234741,0.1,0.7449206267579424,0.1,2.41,0.01,0.000009332543007969925,0.7,12.32,0.09
798,YLMEDVTNV,1,9,9,HLA-A*02:01,798,0.1,0.1,1.0102526539156023,0.1,1.0188494139977646,0.1,2.17,0.01,0.000009549925860214369,0.7,9.8,0.01
558,YLMWTLHHV,1,9,9,HLA-A*02:01,558,0.1,0.1,0.8422286292814889,0.1,0.8833035990746626,0.1,2.3,0.01,0.000009772372209558092,0.7,9.54,0.01
467,YMMWHVIHV,1,9,9,HLA-A*02:01,467,0.1,0.1,0.6598268741654733,0.1,0.7064964761109094,0.1,2.12,0.01,0.000009772372209558111,0.7,9.69,0.01
867,YLIDDIHHV,1,9,9,HLA-A*02:01,867,0.1,0.1,1.0409503127339443,0.1,1.0619645021370243,0.1,2.27,0.01,0.000009772372209558111,0.7,9.77,0.01
26,YLDDIVHHV,1,9,9,HLA-A*02:01,26,0.1,0.1,1.2984642592503577,0.1,1.3065017626905011,0.1,2.45,0.01,0.000009772372209558111,0.7,12.82,0.11
289,YLMEHLHHV,1,9,9,HLA-A*02:01,289,0.1,0.1,0.47035958660776706,0.1,0.4689321402819839,0.1,1.94,0.01,0.00001,0.7,9.03,0.01
559,YLMWELHHV,1,9,9,HLA-A*02:01,559,0.1,0.1,1.120546800775189,0.1,1.1671051891186406,0.1,2.18,0.01,0.00001,0.7,9.63,0.01
507,FMDDGVVHV,1,9,9,HLA-A*02:01,507,0.1,0.1,1.8048038136815352,0.1,1.8625588339462193,0.1,2.88,0.02,0.00001,0.7,15.15,0.2
180,YLMHPVFHV,1,9,9,HLA-A*02:01,180,0.1,0.1,1.214590835780584,0.1,1.1484444676841905,0.1,2.23,0.01,0.000010471285480508985,0.7,9.63,0.01
516,YMMDHVTYV,1,9,9,HLA-A*02:01,516,0.1,0.1,0.25848181825174354,0.1,0.2812613131105305,0.1,1.94,0.01,0.000010715193052376048,0.7,9.04,0.01
530,YLIDSVHHV,1,9,9,HLA-A*02:01,530,0.1,0.1,1.4908364416425672,0.1,1.5174346612568452,0.1,2.36,0.01,0.000010715193052376048,0.7,9.55,0.01
864,YLIENIHHV,1,9,9,HLA-A*02:01,864,0.1,0.1,1.5185531604543623,0.1,1.5456458778910396,0.1,2.32,0.01,0.000010715193052376048,0.7,9.71,0.01
99,YMMDIVTEV,1,9,9,HLA-A*02:01,99,0.1,0.1,0.3231692274163379,0.1,0.3397113052551985,0.1,1.91,0.01,0.00001071519305237607,0.7,9.37,0.01
428,YMMDEVLEV,1,9,9,HLA-A*02:01,428,0.1,0.1,0.6157862680963635,0.1,0.6458177838650523,0.1,1.97,0.01,0.00001071519305237607,0.7,9.76,0.01
892,YLDDQLHEV,1,9,9,HLA-A*02:01,892,0.1,0.1,1.511576042452554,0.1,1.4128953636041097,0.1,2.94,0.02,0.00001071519305237607,0.7,14.66,0.19
183,YLMHHVVEV,1,9,9,HLA-A*02:01,183,0.1,0.1,1.0875018389173665,0.1,1.0570852184622124,0.1,2.1,0.01,0.000010964781961431828,0.8,9.58,0.01
333,YLMDHHVTV,1,9,9,HLA-A*02:01,333,0.1,0.1,1.9338821285262182,0.1,1.8668524754925628,0.1,2.72,0.02,0.000010964781961431828,0.8,9.39,0.01
861,YLIWWIHHV,1,9,9,HLA-A*02:01,861,0.1,0.1,0.5894269650066168,0.1,0.6639112074331941,0.1,2.17,0.01,0.000010964781961431852,0.8,9.62,0.01
931,YLDDWPAEV,1,9,9,HLA-A*02:01,931,0.1,0.1,0.9045446306189986,0.1,0.9552345013430021,0.1,3.26,0.02,0.000010964781961431852,0.8,16.92,0.29
337,YLMDHWVTV,1,9,9,HLA-A*02:01,337,0.1,0.1,1.0056109646013478,0.1,1.0867008330877375,0.1,2.13,0.01,0.000011220184543019606,0.8,9.35,0.01
746,YMDDFIHFV,1,9,9,HLA-A*02:01,746,0.1,0.1,0.4144097836892888,0.1,0.43562219600273633,0.1,1.88,0.01,0.00001122018454301963,0.8,11.67,0.08
983,YLMDHHVAV,1,9,9,HLA-A*02:01,983,0.1,0.1,1.8553677353854316,0.1,1.807631912925946,0.1,2.78,0.02,0.00001122018454301963,0.8,9.75,0.01
553,YLDDYVHHV,1,9,9,HLA-A*02:01,553,0.1,0.1,0.6705481983916193,0.1,0.692006223077172,0.1,2.26,0.01,0.000011220184543019652,0.8,12.86,0.11
299,YLDDEPHYV,1,9,9,HLA-A*02:01,299,0.1,0.1,1.9205693775938246,0.1,1.9774704390219393,0.1,3.78,0.02,0.000011220184543019652,0.8,16.47,0.25
668,YLDEWLHEV,1,9,9,HLA-A*02:01,668,0.1,0.1,0.4221142367912788,0.1,0.43763293670009934,0.1,2.02,0.01,0.000011481536214968817,0.8,12.6,0.1
298,YLDDHPHYV,1,9,9,HLA-A*02:01,298,0.1,0.1,1.141379321181201,0.1,1.1590708935090708,0.1,3.27,0.02,0.000011481536214968841,0.8,14.11,0.16
115,YLDDIPHEV,1,9,9,HLA-A*02:01,115,0.1,0.1,1.4270198032105665,0.1,1.399941861049834,0.1,3.28,0.02,0.000011481536214968841,0.8,15.18,0.2
219,YMDDAVIHV,1,9,9,HLA-A*02:01,219,0.1,0.1,1.8898615969370713,0.1,1.9280131869388422,0.1,2.78,0.02,0.000011481536214968841,0.8,14.95,0.2
329,YLMDPFVHV,1,9,9,HLA-A*02:01,329,0.1,0.1,1.579174054439942,0.1,1.5962834096600602,0.1,2.5,0.01,0.000011748975549395279,0.8,9.49,0.01
494,YMMDVVTEV,1,9,9,HLA-A*02:01,494,0.1,0.1,0.33762142611181306,0.1,0.350840725168398,0.1,1.92,0.01,0.000011748975549395302,0.8,9.38,0.01
666,YLDEWIHQV,1,9,9,HLA-A*02:01,666,0.1,0.1,0.8155113316425308,0.1,0.8572549470057736,0.1,2.21,0.01,0.000012022644346174132,0.8,12.32,0.09
82,YLMHIIHHV,1,9,9,HLA-A*02:01,82,0.1,0.1,0.8364307681790124,0.1,0.8018811416202601,0.1,2.1,0.01,0.000012022644346174132,0.8,9.38,0.01
230,YMDDHIPTV,1,9,9,HLA-A*02:01,230,0.1,0.1,1.3565318655744079,0.1,1.3400160495543696,0.1,2.88,0.02,0.000012022644346174132,0.8,12.76,0.11
247,YLMHEIHTV,1,9,9,HLA-A*02:01,247,0.1,0.1,1.8596447997375471,0.1,1.75432478860566,0.1,2.43,0.01,0.000012022644346174132,0.8,9.5,0.01
890,YLDDALHHV,1,9,9,HLA-A*02:01,890,0.1,0.1,1.907348270994229,0.1,1.866852475492564,0.1,2.72,0.02,0.000012022644346174132,0.8,13.77,0.15
676,YLDWEPFEV,1,9,9,HLA-A*02:01,676,0.1,0.1,1.974376621849068,0.1,2.032871840377865,0.1,2.63,0.02,0.000012022644346174132,0.8,17.04,0.31
633,YMMEPVHFV,1,9,9,HLA-A*02:01,633,0.1,0.1,0.5921476362615178,0.1,0.5944427025891692,0.1,1.97,0.01,0.00001230268770812381,0.8,9.31,0.01
838,YLMHHVHSV,1,9,9,HLA-A*02:01,838,0.1,0.1,1.1257190098046939,0.1,1.049808295003372,0.1,2.42,0.01,0.00001230268770812381,0.8,9.33,0.01
475,YMMWPVPHV,1,9,9,HLA-A*02:01,475,0.1,0.1,1.642214944566132,0.1,1.6715139290350773,0.1,2.34,0.01,0.000012589254117941661,0.8,10.21,0.02
64,YMMDHVVEV,1,9,9,HLA-A*02:01,64,0.1,0.1,0.3788174706652011,0.1,0.39637841799609824,0.1,1.94,0.01,0.000012882495516931323,0.8,9.26,0.01
873,YMIDHIPHV,1,9,9,HLA-A*02:01,873,0.1,0.1,0.9471745057073098,0.1,0.9797381063242527,0.1,2.3,0.01,0.000012882495516931323,0.8,9.08,0.01
25,YLDDHVHHV,1,9,9,HLA-A*02:01,25,0.1,0.1,1.7759469963826764,0.1,1.7422481017069444,0.1,2.9,0.02,0.000012882495516931323,0.8,13.19,0.13
367,YLDHHIWEV,1,9,9,HLA-A*02:01,367,0.1,0.1,1.0554313740671035,0.1,0.9797381063242532,0.1,2.07,0.01,0.000013182567385564074,0.9,12.53,0.1
382,YLMEVPHHV,1,9,9,HLA-A*02:01,382,0.1,0.1,0.678312780583952,0.1,0.6778131653445878,0.1,2.19,0.01,0.000014125375446227526,0.9,9.51,0.01
292,YLMHHLHEV,1,9,9,HLA-A*02:01,292,0.1,0.1,0.7824020865862432,0.1,0.7229528930753412,0.1,2.21,0.01,0.000014125375446227526,0.9,9.29,0.01
152,YMMDIVHAV,1,9,9,HLA-A*02:01,152,0.1,0.1,0.31727072426334746,0.1,0.32969320773614547,0.1,1.88,0.01,0.00001445439770745928,0.9,9.4,0.01
5,YLMGFVFAL,1,9,9,HLA-A*02:01,5,0.1,0.1,0.585369378320115,0.1,0.6110967865640143,0.1,2.01,0.01,0.00001445439770745928,0.9,9.79,0.01
346,YLDDHLTSV,1,9,9,HLA-A*02:01,346,0.1,0.1,1.9517761195472074,0.1,1.9280131869388442,0.1,2.54,0.01,0.00001445439770745928,0.9,13.14,0.13
509,YMDDGVIHV,1,9,9,HLA-A*02:01,509,0.1,0.1,1.480573595765992,0.1,1.5139446583825087,0.1,2.91,0.02,0.000014791083881682072,0.9,15.01,0.2
841,YLMHHIHQV,1,9,9,HLA-A*02:01,841,0.1,0.1,1.511576042452554,0.1,1.4161524237963774,0.1,2.45,0.01,0.000014791083881682072,0.9,9.21,0.01
652,YMDDPIYAV,1,9,9,HLA-A*02:01,652,0.1,0.1,1.5290792680964937,0.1,1.524438821414373,0.1,3.02,0.02,0.000014791083881682072,0.9,14.54,0.18
281,YLIEHIHHV,1,9,9,HLA-A*02:01,281,0.1,0.1,1.1440104722537137,0.1,1.1537454464934043,0.1,2.22,0.01,0.000015135612484362071,1,9.3,0.01
510,YMDDVVIHV,1,9,9,HLA-A*02:01,510,0.1,0.1,1.2090102978015116,0.1,1.2419668385339693,0.1,2.46,0.01,0.000015135612484362071,1,13.58,0.14
832,YLMHTIHHV,1,9,9,HLA-A*02:01,832,0.1,0.1,1.44687162614691,0.1,1.3807339386298292,0.1,2.42,0.01,0.000015135612484362071,1,9.26,0.01
631,YMMEHVHYV,1,9,9,HLA-A*02:01,631,0.1,0.1,0.19880623467804687,0.1,0.2094642928961958,0.1,1.83,0.01,0.000015488166189124797,1,9.06,0.01
144,YMMDPPIHV,1,9,9,HLA-A*02:01,144,0.1,0.1,1.684340921213103,0.1,1.6792292867789178,0.1,3.67,0.02,0.000015488166189124797,1,10.32,0.02
803,YMDDDIINV,1,9,9,HLA-A*02:01,803,0.1,0.1,1.7841443952635248,0.1,1.7705573560161298,0.1,3.12,0.02,0.000015848931924611107,1,16.71,0.27
74,YLDEELHEV,1,9,9,HLA-A*02:01,74,0.1,0.1,1.9517761195472074,0.1,1.8928229803926138,0.1,2.56,0.02,0.00001584893192461114,1,14.74,0.2
669,YLDEHLHEV,1,9,9,HLA-A*02:01,669,0.1,0.1,1.1599252432200353,0.1,1.1094557874773008,0.1,2.33,0.01,0.0000162181009735893,1,12.84,0.11
430,YMDDEVFEV,1,9,9,HLA-A*02:01,430,0.1,0.1,0.7352414789995058,0.1,0.7518132924535051,0.1,2.31,0.01,0.000016595869074375598,1,14.62,0.19
511,YMDDVVPHV,1,9,9,HLA-A*02:01,511,0.1,0.1,1.2601725057145046,0.1,1.2708959625168936,0.1,2.51,0.01,0.000016595869074375598,1,12.87,0.11
441,YMDDFIHYV,1,9,9,HLA-A*02:01,441,0.1,0.1,0.332223232836936,0.1,0.354903269297995,0.1,1.86,0.01,0.000016595869074375632,1,11.2,0.05
232,YMMDHIVTV,1,9,9,HLA-A*02:01,232,0.1,0.1,0.4813156688278007,0.1,0.5024698411585349,0.1,1.86,0.01,0.000016595869074375632,1,9.04,0.01
554,YLDDYLHHV,1,9,9,HLA-A*02:01,554,0.1,0.1,0.6031564827525837,0.1,0.6167511955119194,0.1,2.16,0.01,0.000016595869074375632,1,12.36,0.1
233,YMMDHIVAV,1,9,9,HLA-A*02:01,233,0.1,0.1,0.4617745566319059,0.1,0.4865304206329168,0.1,1.87,0.01,0.00001698243652461746,1.1,9.45,0.01
384,YLMHVVHHV,1,9,9,HLA-A*02:01,384,0.1,0.1,1.0266679390108824,0.1,0.9752366186208875,0.1,2.31,0.01,0.00001698243652461746,1.1,9.41,0.01
489,YMMDIVTTV,1,9,9,HLA-A*02:01,489,0.1,0.1,0.48242521603507243,0.1,0.5071191373557441,0.1,1.93,0.01,0.00001778279410038923,1.1,9.32,0.01
426,YMMDEILHV,1,9,9,HLA-A*02:01,426,0.1,0.1,0.8098973911233248,0.1,0.8513536454596707,0.1,1.96,0.01,0.00001778279410038923,1.1,9.42,0.01
302,YLDDWPHTV,1,9,9,HLA-A*02:01,302,0.1,0.1,1.0603030239430355,0.1,1.099284235678671,0.1,3.08,0.02,0.00001778279410038923,1.1,14,0.16
863,YLIEDIHHV,1,9,9,HLA-A*02:01,863,0.1,0.1,1.1679654608988854,0.1,1.1779042804730626,0.1,2.25,0.01,0.00001778279410038923,1.1,9.85,0.01
632,YMMEPVHYV,1,9,9,HLA-A*02:01,632,0.1,0.1,0.47471177027772554,0.1,0.48429501640432204,0.1,1.96,0.01,0.000018197008586099827,1.1,9.33,0.01
220,YMDDHVIHV,1,9,9,HLA-A*02:01,220,0.1,0.1,1.5828144266018687,0.1,1.60365151910393,0.1,2.7,0.02,0.000018197008586099827,1.1,13.64,0.14
862,YLIWDIHHV,1,9,9,HLA-A*02:01,862,0.1,0.1,1.6535982347453488,0.1,1.7183435615934763,0.1,2.7,0.02,0.000018197008586099827,1.1,9.89,0.01
282,YLDEHIHHV,1,9,9,HLA-A*02:01,282,0.1,0.1,1.696016214712493,0.1,1.6410053615594402,0.1,2.49,0.01,0.000018197008586099827,1.1,12.35,0.1
879,YMWDWIVEV,1,9,9,HLA-A*02:01,879,0.1,0.1,0.12117973543765777,0.1,0.1336934098163641,0.1,1.73,0.01,0.000018620871366628657,1.1,9.6,0.01
840,YLMHHVHQV,1,9,9,HLA-A*02:01,840,0.1,0.1,1.7759469963826764,0.1,1.667669553678584,0.1,2.67,0.02,0.000019054607179632443,1.1,9.3,0.01
640,YMDDHVHFV,1,9,9,HLA-A*02:01,640,0.1,0.1,0.8422286292814893,0.1,0.8513536454596703,0.1,2.31,0.01,0.000019952623149688786,1.2,12.74,0.11
484,YMMEIIHTV,1,9,9,HLA-A*02:01,484,0.1,0.1,0.31581299769877846,0.1,0.3207081525234575,0.1,1.84,0.01,0.00001995262314968883,1.2,9.24,0.01
878,YMIDWIVEV,1,9,9,HLA-A*02:01,878,0.1,0.1,0.3015990713715385,0.1,0.3428546152616869,0.1,1.78,0.01,0.000020417379446695274,1.2,9.45,0.01
63,YMMDHVVTV,1,9,9,HLA-A*02:01,63,0.1,0.1,0.5654966024598674,0.1,0.591711486462342,0.1,1.91,0.01,0.000021379620895022323,1.3,9.07,0.01
398,YLDHWVFHV,1,9,9,HLA-A*02:01,398,0.1,0.1,0.7053911392688338,0.1,0.7196312262571538,0.1,2.17,0.01,0.00002187761623949552,1.3,11.78,0.08
465,YMMHHVITV,1,9,9,HLA-A*02:01,465,0.1,0.1,1.1572574891900207,0.1,1.114576802715447,0.1,2.11,0.01,0.00002238721138568338,1.4,9.53,0.01
151,YMMDPVHAV,1,9,9,HLA-A*02:01,151,0.1,0.1,1.0361675804891355,0.1,1.0165061253711405,0.1,2.59,0.02,0.000022387211385683423,1.4,9.86,0.01
667,YLDEWLHQV,1,9,9,HLA-A*02:01,667,0.1,0.1,0.8618466542419727,0.1,0.8997254390546573,0.1,2.24,0.01,0.0000229086765276777,1.4,12.16,0.09
442,YMDDHIHYV,1,9,9,HLA-A*02:01,442,0.1,0.1,0.5746851830726596,0.1,0.5889928191337396,0.1,2.23,0.01,0.00002290867652767775,1.4,11.97,0.08
569,YLDHDIHYV,1,9,9,HLA-A*02:01,569,0.1,0.1,1.6843409212131022,0.1,1.60365151910393,0.1,2.52,0.01,0.00002290867652767775,1.4,13.17,0.13
182,YLMHHVVHV,1,9,9,HLA-A*02:01,182,0.1,0.1,1.68046704459325,0.1,1.6410053615594402,0.1,2.33,0.01,0.000023442288153199178,1.4,9.41,0.01
470,YMMWEVVEV,1,9,9,HLA-A*02:01,470,0.1,0.1,1.0125815268017087,0.1,1.094233483403681,0.1,2.08,0.01,0.00002344228815319923,1.4,10.4,0.02
469,YMMWHVVEV,1,9,9,HLA-A*02:01,469,0.1,0.1,0.6017692613372394,0.1,0.6413720055120257,0.1,2.01,0.01,0.0000239883291901949,1.4,9.78,0.01
477,YMMHIVPHV,1,9,9,HLA-A*02:01,477,0.1,0.1,0.9129142790373933,0.1,0.8894263671190548,0.1,2.04,0.01,0.0000239883291901949,1.4,9.71,0.01
431,YMDDELFEV,1,9,9,HLA-A*02:01,431,0.1,0.1,0.6613479322006212,0.1,0.6700543022006068,0.1,2.2,0.01,0.000024547089156850286,1.5,13.79,0.15
495,YMMDVVTHV,1,9,9,HLA-A*02:01,495,0.1,0.1,0.5217110075825698,0.1,0.5446405843156947,0.1,1.96,0.01,0.000025118864315095822,1.5,9.24,0.01
438,YMDDLIHEV,1,9,9,HLA-A*02:01,438,0.1,0.1,0.7969480273923196,0.1,0.7746579817076059,0.1,2.55,0.02,0.000025118864315095822,1.5,13.09,0.13
485,YMMEIVHTV,1,9,9,HLA-A*02:01,485,0.1,0.1,0.37104791881441795,0.1,0.37766783616844574,0.1,1.89,0.01,0.000025703957827688645,1.5,9.27,0.01
150,YMMDPVHQV,1,9,9,HLA-A*02:01,150,0.1,0.1,1.4771683709897179,0.1,1.4458059244020507,0.1,2.95,0.02,0.000026302679918953814,1.5,9.49,0.01
650,YMDDPIHYV,1,9,9,HLA-A*02:01,650,0.1,0.1,1.3722397642639232,0.1,1.3617895587853797,0.1,3.08,0.02,0.00002691534803926914,1.6,13.5,0.14
440,YMDDFIHSV,1,9,9,HLA-A*02:01,440,0.1,0.1,0.7352414789995053,0.1,0.7397926292330929,0.1,2.18,0.01,0.00002818382931264455,1.7,11.62,0.08
466,YMMHHVIHV,1,9,9,HLA-A*02:01,466,0.1,0.1,1.1979260247660557,0.1,1.1590708935090708,0.1,2.17,0.01,0.000028840315031266056,1.7,9.43,0.01
641,YMDDHLHFV,1,9,9,HLA-A*02:01,641,0.1,0.1,0.7575826151340561,0.1,0.7587697351995153,0.1,2.2,0.01,0.00002951209226666384,1.7,12.16,0.09
293,YLMHHLHHV,1,9,9,HLA-A*02:01,293,0.1,0.1,1.209010297801511,0.1,1.1223026800217741,0.1,2.28,0.01,0.00003019951720402013,1.7,9.23,0.01
701,YLDEWPTSV,1,9,9,HLA-A*02:01,701,0.1,0.1,1.504630981396054,0.1,1.5743815802011583,0.1,2.95,0.02,0.000031622776601683795,1.8,14.96,0.2
439,YMDDLIHSV,1,9,9,HLA-A*02:01,439,0.1,0.1,1.0314068229029099,0.1,1.0025591384720232,0.1,2.51,0.01,0.00003235936569296281,1.9,12.34,0.1
860,YLIHWIHHV,1,9,9,HLA-A*02:01,860,0.1,0.1,1.0701138870303446,0.1,1.0892059372274563,0.1,2.19,0.01,0.00003235936569296281,1.9,9.3,0.01
142,YMMDPVVHV,1,9,9,HLA-A*02:01,142,0.1,0.1,1.3977516062246431,0.1,1.4226890863868604,0.1,2.38,0.01,0.00003235936569296281,1.9,9.74,0.01
670,YLDEHLHHV,1,9,9,HLA-A*02:01,670,0.1,0.1,1.7923796316184344,0.1,1.7223047526025765,0.1,2.54,0.01,0.00003467368504525309,2,12.09,0.09
3,YLLGFVFTL,1,9,9,HLA-A*02:01,3,0.1,0.1,1.400973756450758,0.1,1.435853066425741,0.1,2.69,0.02,0.000038018939632056124,2.2,10.09,0.01
4,YLLGFVFAL,1,9,9,HLA-A*02:01,4,0.1,0.1,1.3440951066761069,0.1,1.390304729064858,0.1,2.55,0.02,0.00003890451449942813,2.2,10.21,0.02
880,YMWDWIVHV,1,9,9,HLA-A*02:01,880,0.1,0.1,0.18725352416713115,0.1,0.207543912715926,0.1,1.78,0.01,0.000039810717055349695,2.3,9.38,0.01
713,YLMHHPHTV,1,9,9,HLA-A*02:01,713,0.1,0.1,2.205108686220362,0.2,2.0142343593193432,0.1,4.06,0.02,0.000039810717055349695,2.3,9.48,0.01
433,YMDDILFHV,1,9,9,HLA-A*02:01,433,0.1,0.1,0.444048083502414,0.1,0.45720397756757,0.1,1.96,0.01,0.00004073802778041122,2.3,11.56,0.08
383,YLMHVPHHV,1,9,9,HLA-A*02:01,383,0.1,0.1,1.7435323106112122,0.1,1.622220928518213,0.1,2.83,0.02,0.00004265795188015926,2.4,9.66,0.01
642,YMDDHLHYV,1,9,9,HLA-A*02:01,642,0.1,0.1,0.6073373637568434,0.1,0.6181729538524029,0.1,2.23,0.01,0.000043651583224016654,2.5,11.76,0.08
65,YMDDHVVEV,1,9,9,HLA-A*02:01,65,0.1,0.1,1.4435439137498132,0.1,1.4558277722939827,0.1,2.64,0.02,0.00004466835921509626,2.6,14.67,0.19
479,YMMHIVHEV,1,9,9,HLA-A*02:01,479,0.1,0.1,0.6388957512205057,0.1,0.6054942175489431,0.1,2.07,0.01,0.00004677351412871981,2.7,9.5,0.01
875,YMIDWITHV,1,9,9,HLA-A*02:01,875,0.1,0.1,0.5437884763096553,0.1,0.6082890518719297,0.1,1.91,0.01,0.000047863009232263804,2.8,9.12,0.01
66,YMDDHVTEV,1,9,9,HLA-A*02:01,66,0.1,0.1,1.6843409212131022,0.1,1.6638340201400492,0.1,3.36,0.02,0.00004897788193684456,2.8,14.77,0.2
468,YMMWHVVHV,1,9,9,HLA-A*02:01,468,0.1,0.1,0.9298866226591214,0.1,0.9956575699076322,0.1,2.18,0.01,0.00005128613839913648,2.9,9.67,0.01
432,YMDDELFHV,1,9,9,HLA-A*02:01,432,0.1,0.1,1.02195082831256,0.1,1.0401835947027493,0.1,2.28,0.01,0.00005248074602497723,3,12.85,0.11
437,YMDDLIHHV,1,9,9,HLA-A*02:01,437,0.1,0.1,1.2314874774093636,0.1,1.2025689879632333,0.1,2.59,0.02,0.000053703179637025325,3.1,12.39,0.1
881,YMWDHIVHV,1,9,9,HLA-A*02:01,881,0.1,0.1,0.5145528642066777,0.1,0.5261505152117031,0.1,1.92,0.01,0.00005623413251903491,3.3,9.3,0.01
231,YMDDHIVTV,1,9,9,HLA-A*02:01,231,0.1,0.1,1.8341295165419045,0.1,1.8454827919161378,0.1,2.35,0.01,0.000057543993733715664,3.4,13.02,0.12
434,YMDDILHHV,1,9,9,HLA-A*02:01,434,0.1,0.1,1.1733565445188054,0.1,1.1590708935090694,0.1,2.42,0.01,0.00009332543007969905,5.3,12.08,0.09
643,YMDDHLHTV,1,9,9,HLA-A*02:01,643,0.1,0.1,1.5503508796169418,0.1,1.48631205421312,0.1,2.64,0.02,0.00009549925860214369,5.4,12.03,0.09
478,YMMHIVHHV,1,9,9,HLA-A*02:01,478,0.1,0.1,0.9872564959757166,0.1,0.9399613579277125,0.1,2.15,0.01,0.0001,5.7,9.46,0.01
435,YMDDVLHHV,1,9,9,HLA-A*02:01,435,0.1,0.1,1.2258293064138461,0.1,1.197043685357545,0.1,2.43,0.01,0.00010232929922807536,5.8,12.32,0.09
436,YMDDLLHHV,1,9,9,HLA-A*02:01,436,0.1,0.1,1.3014575285035752,0.1,1.262147176248897,0.1,2.56,0.02,0.00010232929922807536,5.8,12.27,0.09
531,YLIDEVHHV,1,9,9,HLA-A*02:01,531,0.1,0.2,2.015719048955101,0.1,2.0898253839108047,0.2,2.47,0.01,0.000010471285480508985,0.7,10.01,0.01
989,FLDDHTPQV,1,9,9,HLA-A*02:01,989,0.15,0.1,2.700411818285525,0.2,2.710878167985187,0.2,3.95,0.02,1.9952623149688747e-7,0.1,13.82,0.15
993,FLDDHTPHV,1,9,9,HLA-A*02:01,993,0.15,0.1,2.0437604941818885,0.2,2.0469630347935253,0.2,3.67,0.02,2.1379620895022282e-7,0.1,13.93,0.15
576,YLDGHIPEV,1,9,9,HLA-A*02:01,576,0.16,0.1,2.0817568386188956,0.2,1.959340881064062,0.1,2.67,0.02,0.0000026302679918953817,0.2,14.03,0.16
988,FLDDHTIQV,1,9,9,HLA-A*02:01,988,0.17,0.1,2.5907768038162233,0.2,2.6491710472316226,0.2,2.99,0.02,1.8197008586099787e-7,0.1,14.28,0.17
693,FLDDIHITV,1,9,9,HLA-A*02:01,693,0.18,0.1,3.306968057359243,0.2,3.185004131304747,0.2,3.06,0.02,7.079457843841374e-7,0.1,14.32,0.18
351,FLDDPIPSV,1,9,9,HLA-A*02:01,351,0.2,0.1,2.4178535945665725,0.2,2.3556458565952685,0.2,3.71,0.02,2.187761623949552e-7,0.1,15.59,0.2
689,FLDDIHIEV,1,9,9,HLA-A*02:01,689,0.2,0.1,2.215287005457025,0.2,2.1335852484891027,0.2,2.93,0.02,4.2657951880159254e-7,0.1,15.63,0.2
686,FLDDTVEEV,1,9,9,HLA-A*02:01,686,0.2,0.1,2.940559693324369,0.2,3.034659718706647,0.2,3.37,0.02,4.6773514128719714e-7,0.1,17.54,0.32
688,FLDDTHIEV,1,9,9,HLA-A*02:01,688,0.2,0.1,3.832039702396201,0.2,3.6737533914270966,0.2,4.02,0.02,5.370317963702521e-7,0.1,17.33,0.32
685,FLDDQVEEV,1,9,9,HLA-A*02:01,685,0.2,0.1,3.3996170603489446,0.2,3.319785318748619,0.2,3.74,0.02,5.888436553555884e-7,0.1,18.81,0.38
577,YLDGDIPEV,1,9,9,HLA-A*02:01,577,0.2,0.1,2.1253477520245068,0.2,2.0003684675208957,0.1,3.21,0.02,0.000003090295432513592,0.2,16.93,0.3
692,FLDDIHPTV,1,9,9,HLA-A*02:01,692,0.2,0.2,3.446910444632453,0.2,3.2591924079493966,0.2,3.18,0.02,7.762471166286927e-7,0.2,13.62,0.14
690,FLDDIHIHV,1,9,9,HLA-A*02:01,690,0.2,0.2,3.4231820800342248,0.2,3.31215002439267,0.2,3.56,0.02,9.120108393559096e-7,0.2,14.44,0.18
955,FLDDPPYTV,1,9,9,HLA-A*02:01,955,0.2,0.2,2.737978288737587,0.2,2.704643321213986,0.2,4.39,0.02,9.332543007969924e-7,0.2,16.37,0.24
691,FLDDIHPHV,1,9,9,HLA-A*02:01,691,0.2,0.2,3.568042346006495,0.2,3.3892999093435465,0.2,3.6,0.02,0.000001,0.2,14.13,0.16
407,YLDDEIQFV,1,9,9,HLA-A*02:01,407,0.2,0.2,2.954132700169852,0.2,3.105346024109195,0.2,2.47,0.01,0.0000010232929922807537,0.2,16.13,0.23
987,FLDDHHIQV,1,9,9,HLA-A*02:01,987,0.2,0.2,6.186286083662119,0.2,5.849382210864056,0.2,5,0.02,0.000001122018454301963,0.2,15.16,0.2
946,FLDDDWITV,1,9,9,HLA-A*02:01,946,0.2,0.2,2.401209207496303,0.2,2.52412001164481,0.2,3.17,0.02,0.0000011220184543019652,0.2,17.88,0.33
610,FLMKPVTEV,1,9,9,HLA-A*02:01,610,0.2,0.2,2.9814669534999343,0.2,2.7804174148268923,0.2,3.07,0.02,0.0000011481536214968817,0.2,10.76,0.03
949,YLDDETITV,1,9,9,HLA-A*02:01,949,0.2,0.2,3.684936429077865,0.2,3.759326100815004,0.2,2.98,0.02,0.000001148153621496884,0.2,16.45,0.25
683,FLDDVVKEV,1,9,9,HLA-A*02:01,683,0.2,0.2,4.70359586607768,0.2,4.743621185513756,0.2,4.1,0.02,0.0000012852866599436154,0.2,17.63,0.32
853,FLDAEIHHV,1,9,9,HLA-A*02:01,853,0.2,0.2,4.649754249426667,0.2,4.447438998786395,0.2,3.07,0.02,0.000001288249551693135,0.2,14.12,0.16
948,YLDDDTITV,1,9,9,HLA-A*02:01,948,0.2,0.2,2.2357848037456747,0.2,2.2496243283405986,0.2,3.05,0.02,0.0000013803842646028865,0.2,17,0.31
950,YLDDPTITV,1,9,9,HLA-A*02:01,950,0.2,0.2,5.22913675662909,0.2,5.094598929399399,0.2,4.19,0.02,0.0000013803842646028865,0.2,16.92,0.29
36,FLDDEIVHV,1,9,9,HLA-A*02:01,36,0.2,0.2,2.7506162223051946,0.2,2.8715077979400934,0.2,2.75,0.02,0.000001445439770745925,0.2,15.97,0.23
408,YLDDEIEFV,1,9,9,HLA-A*02:01,408,0.2,0.2,2.808212705878234,0.2,2.972418803596341,0.2,2.53,0.01,0.000001479108388168207,0.2,17.01,0.31
406,YLDDEISFV,1,9,9,HLA-A*02:01,406,0.2,0.2,2.3846793995806888,0.2,2.4780496293678738,0.2,2.42,0.01,0.0000015135612484362072,0.2,15.58,0.2
884,YLYDHIQHV,1,9,9,HLA-A*02:01,884,0.2,0.2,2.120459587839972,0.2,2.2136553228775804,0.2,2.32,0.01,0.0000016595869074375596,0.2,9.32,0.01
856,FLIWEIHHV,1,9,9,HLA-A*02:01,856,0.2,0.2,2.3573822002201448,0.2,2.5067440917048915,0.2,2.91,0.02,0.0000019498445997580454,0.2,10.17,0.02
217,YLDDNVIHV,1,9,9,HLA-A*02:01,217,0.2,0.2,2.0913657915965773,0.2,2.158291001283577,0.2,2.77,0.02,0.0000019952623149688787,0.2,15.37,0.2
730,FLADPVHHV,1,9,9,HLA-A*02:01,730,0.2,0.2,3.276649591971516,0.2,3.170370366587737,0.2,3.59,0.02,0.0000020892961308540407,0.2,10.27,0.02
885,YLYDHVQHV,1,9,9,HLA-A*02:01,885,0.2,0.2,2.491322785101266,0.2,2.60681373153677,0.2,2.48,0.01,0.000002137962089502228,0.2,9.5,0.01
34,YLDDEIIHV,1,9,9,HLA-A*02:01,34,0.2,0.2,2.256472265826716,0.2,2.334049165568883,0.2,2.7,0.02,0.0000021379620895022326,0.2,15.65,0.21
409,YLDDEIEYV,1,9,9,HLA-A*02:01,409,0.2,0.2,2.2512825236291363,0.2,2.4216423331940375,0.2,2.5,0.01,0.0000021877616239495517,0.2,15.9,0.22
972,YLDDPPPFV,1,9,9,HLA-A*02:01,972,0.2,0.2,3.1436196877938953,0.2,3.112504586009025,0.2,5.08,0.02,0.0000021877616239495517,0.2,18.02,0.33
849,FLDGHIHAV,1,9,9,HLA-A*02:01,849,0.2,0.2,2.7888811055872518,0.2,2.6128230578126983,0.2,2.75,0.02,0.0000023988329190194897,0.2,13.01,0.12
965,YLMDPPPQV,1,9,9,HLA-A*02:01,965,0.2,0.2,2.309032256896354,0.2,2.2861777831262504,0.2,5.25,0.03,0.0000024547089156850284,0.2,10.52,0.03
819,YLDGEIPEV,1,9,9,HLA-A*02:01,819,0.2,0.2,3.5029182338000764,0.2,3.342796971237263,0.2,3.11,0.02,0.0000025703957827688647,0.2,16.88,0.28
658,YLDDEVNFV,1,9,9,HLA-A*02:01,658,0.2,0.2,3.029911894331481,0.2,3.2367562852262117,0.2,2.54,0.01,0.000002754228703338169,0.2,17.95,0.33
11,YLMDPVGEV,1,9,9,HLA-A*02:01,11,0.2,0.2,2.9337965937037453,0.2,3.027680195033354,0.2,3.64,0.02,0.0000028840315031266,0.2,11.58,0.08
564,KLMWPIHEV,1,9,9,HLA-A*02:01,564,0.2,0.2,3.2242595881876617,0.2,3.177678825077839,0.2,3.16,0.02,0.000002951209226666384,0.2,11.24,0.06
405,YLDDEISEV,1,9,9,HLA-A*02:01,405,0.2,0.2,3.269113507034119,0.2,3.2516964734210982,0.2,3.35,0.02,0.000002951209226666384,0.2,18.41,0.35
850,FLDGHIHHV,1,9,9,HLA-A*02:01,850,0.2,0.2,3.0090541275620657,0.2,2.806144300411912,0.2,2.94,0.02,0.000003019951720402013,0.2,12.52,0.1
612,YLMNPVTEV,1,9,9,HLA-A*02:01,612,0.2,0.2,2.7506162223051946,0.2,2.624883301082117,0.2,2.94,0.02,0.000003162277660168379,0.2,10.66,0.03
970,YLDDPPPYV,1,9,9,HLA-A*02:01,970,0.2,0.2,2.52017094333799,0.2,2.5357708202560625,0.2,5.4,0.03,0.000003235936569296281,0.2,17.07,0.32
319,YLMDPPEEV,1,9,9,HLA-A*02:01,319,0.2,0.2,2.860421278031721,0.2,2.8190968739935345,0.2,5.06,0.02,0.000003235936569296281,0.2,12.28,0.09
964,YLMDPWPQV,1,9,9,HLA-A*02:01,964,0.2,0.2,2.4290138996829542,0.2,2.5125227336366445,0.2,3.24,0.02,0.000003311311214825901,0.2,10.17,0.02
450,YLDDDVPQV,1,9,9,HLA-A*02:01,450,0.2,0.2,2.2152870054570215,0.2,2.228999648527801,0.2,3.69,0.02,0.0000033884415613920275,0.3,16.72,0.27
579,YLDNDIPHV,1,9,9,HLA-A*02:01,579,0.2,0.2,3.736199001157899,0.2,3.565414283581915,0.2,3.77,0.02,0.000003467368504525317,0.3,16.08,0.23
365,YLDEHIQEV,1,9,9,HLA-A*02:01,365,0.2,0.2,2.700411818285525,0.2,2.649171047231624,0.2,2.63,0.02,0.0000037153522909717204,0.3,14.58,0.19
454,YLDDIIETV,1,9,9,HLA-A*02:01,454,0.2,0.2,2.4970658772498173,0.2,2.559234018772474,0.2,2.7,0.02,0.0000037153522909717276,0.3,14.1,0.16
951,YLDDPLITV,1,9,9,HLA-A*02:01,951,0.2,0.2,3.269113507034122,0.2,3.192346324106501,0.2,3.26,0.02,0.000003801893963205613,0.3,16.07,0.23
404,YLDDEVSEV,1,9,9,HLA-A*02:01,404,0.2,0.2,3.8408734662341795,0.2,3.8292171911772264,0.2,3.68,0.02,0.000003801893963205613,0.3,19.37,0.43
818,YLDKEIPEV,1,9,9,HLA-A*02:01,818,0.2,0.2,4.993786833872953,0.2,4.65704034134415,0.2,3.62,0.02,0.000003801893963205613,0.3,16.71,0.26
622,YLMEPVETV,1,9,9,HLA-A*02:01,622,0.2,0.2,2.8211748267856938,0.2,2.8061443004119178,0.2,2.78,0.02,0.000003890451449942805,0.3,10.36,0.02
814,YLMNEIVHV,1,9,9,HLA-A*02:01,814,0.2,0.2,2.1848921282676543,0.2,2.2341380233932115,0.2,2.31,0.01,0.000003981071705534969,0.3,9.74,0.01
620,YLMEPVSTV,1,9,9,HLA-A*02:01,620,0.2,0.2,2.3956865795703637,0.2,2.3394297045810406,0.2,2.56,0.02,0.000003981071705534969,0.3,10.14,0.02
373,FLDEPPHEV,1,9,9,HLA-A*02:01,373,0.2,0.2,4.523035537374946,0.2,4.179362099473832,0.2,6.17,0.04,0.000004168693834703355,0.3,16.83,0.28
934,YLDDPPPEV,1,9,9,HLA-A*02:01,934,0.2,0.2,4.3095309097535015,0.2,4.084228203457853,0.2,8,0.06,0.000004265795188015926,0.3,20.19,0.48
170,KLMDPVHHV,1,9,9,HLA-A*02:01,170,0.2,0.2,3.6849364290778683,0.2,3.5901285547151947,0.2,3.93,0.02,0.000004365158322401657,0.3,10.51,0.03
453,YLDDIIEQV,1,9,9,HLA-A*02:01,453,0.2,0.2,3.415308979726361,0.2,3.5246013237689593,0.2,3.08,0.02,0.000004466835921509625,0.4,14.58,0.19
852,FLDFEIHHV,1,9,9,HLA-A*02:01,852,0.2,0.2,5.948808655643484,0.2,5.663827267588125,0.2,3.6,0.02,0.000004466835921509635,0.4,14.38,0.18
851,FLDFHIHHV,1,9,9,HLA-A*02:01,851,0.2,0.2,3.535330337153369,0.2,3.3197853187486155,0.2,3.17,0.02,0.000004570881896148752,0.4,12.73,0.11
305,YLDDHPPSV,1,9,9,HLA-A*02:01,305,0.2,0.2,2.3357695902997166,0.2,2.2861777831262513,0.2,5.42,0.03,0.000004677351412871981,0.4,15.82,0.22
355,YLDEDIPKV,1,9,9,HLA-A*02:01,355,0.2,0.2,2.4741726396808015,0.2,2.3610761811219416,0.2,3.21,0.02,0.000004677351412871981,0.4,15.11,0.2
697,YLDDPFISV,1,9,9,HLA-A*02:01,697,0.2,0.2,3.576267533086067,0.2,3.4682468459690483,0.2,3.9,0.02,0.000004677351412871981,0.4,15.9,0.22
364,YLDEHVQEV,1,9,9,HLA-A*02:01,364,0.2,0.2,3.1727072426334746,0.2,3.1196796500983326,0.2,2.83,0.02,0.00000478630092322638,0.4,15.03,0.2
455,YLDDEIETV,1,9,9,HLA-A*02:01,455,0.2,0.2,5.7468518307265954,0.2,5.822506740853742,0.2,3.4,0.02,0.00000478630092322638,0.4,17.36,0.32
119,FLDDPPHHV,1,9,9,HLA-A*02:01,119,0.2,0.2,6.229167370216591,0.2,5.849382210864056,0.2,8.42,0.07,0.000004897788193684457,0.4,17.29,0.32
698,YLDDPPISV,1,9,9,HLA-A*02:01,698,0.2,0.2,5.350938998736256,0.2,5.165471860279945,0.2,6.37,0.04,0.000005011872336272725,0.4,19.6,0.46
619,YLMEPVSHV,1,9,9,HLA-A*02:01,619,0.2,0.2,2.479876196661093,0.2,2.4328201263333433,0.2,2.65,0.02,0.000005128613839913648,0.4,10.03,0.01
971,YLDDPPPSV,1,9,9,HLA-A*02:01,971,0.2,0.2,5.577376982003152,0.2,5.285791156447896,0.2,7.83,0.06,0.0000054954087385762485,0.4,18.08,0.34
621,YLMEPVNTV,1,9,9,HLA-A*02:01,621,0.2,0.2,2.5907768038162207,0.2,2.5948365103980486,0.2,2.58,0.02,0.000005623413251903491,0.4,10.39,0.02
858,FLIHHIHHV,1,9,9,HLA-A*02:01,858,0.2,0.2,2.5434897979704667,0.2,2.410515897349134,0.2,2.81,0.02,0.000005888436553555884,0.4,9.47,0.01
986,FLDDHHVQV,1,9,9,HLA-A*02:01,986,0.2,0.2,8.718263681538154,0.3,8.243468827458894,0.2,5.62,0.03,0.000005888436553555884,0.4,15.2,0.2
608,YLMGPVTEV,1,9,9,HLA-A*02:01,608,0.2,0.2,2.4178535945665725,0.2,2.286177783126248,0.2,2.78,0.02,0.000006025595860743569,0.4,10.71,0.03
306,YLDDHPPTV,1,9,9,HLA-A*02:01,306,0.2,0.2,2.6942010434506463,0.2,2.6369992119051764,0.2,4.77,0.02,0.000006025595860743569,0.4,15.53,0.2
356,YLDEDVPKV,1,9,9,HLA-A*02:01,356,0.2,0.2,2.9068993848592557,0.2,2.7804174148268923,0.2,3.5,0.02,0.000006025595860743581,0.4,15.59,0.2
675,YLDWEPIEV,1,9,9,HLA-A*02:01,675,0.2,0.2,4.628390569232594,0.2,4.765516746066237,0.2,3.92,0.02,0.000006025595860743581,0.4,21.73,0.58
654,YLDDPISAV,1,9,9,HLA-A*02:01,654,0.2,0.2,6.644005755567089,0.2,6.36956831681912,0.2,4.81,0.02,0.000006025595860743581,0.4,18.11,0.34
594,YLDGEVIHV,1,9,9,HLA-A*02:01,594,0.2,0.2,6.101407056561787,0.2,5.971865254368436,0.2,4.18,0.02,0.000006456542290346549,0.5,16.45,0.25
953,YLDDPPITV,1,9,9,HLA-A*02:01,953,0.2,0.2,6.172058020494271,0.2,5.9581303454230845,0.2,6.2,0.04,0.0000064565422903465625,0.5,19.17,0.41
786,YLDDHVSAV,1,9,9,HLA-A*02:01,786,0.2,0.2,3.269113507034119,0.2,3.2442177790637987,0.2,3.05,0.02,0.000006606934480075964,0.5,15.68,0.21
578,YLDGDIPHV,1,9,9,HLA-A*02:01,578,0.2,0.2,3.284203049378856,0.2,3.105346024109195,0.2,3.44,0.02,0.000006606934480075964,0.5,15.47,0.2
680,YLDDFIKEV,1,9,9,HLA-A*02:01,680,0.2,0.2,3.5029182338000764,0.2,3.590128554715202,0.2,3.08,0.02,0.000006745280276979229,0.5,15.66,0.21
452,YLDDDIEQV,1,9,9,HLA-A*02:01,452,0.2,0.2,4.769029402520125,0.2,4.7985497300576965,0.2,4.27,0.02,0.0000069183097091893625,0.5,18.62,0.37
596,YLDHEVIEV,1,9,9,HLA-A*02:01,596,0.2,0.2,4.948003520986239,0.2,4.70013140507713,0.2,3.37,0.02,0.000007079457843841373,0.5,17.7,0.33
167,YLDDPVHEV,1,9,9,HLA-A*02:01,167,0.2,0.2,2.744289980545247,0.2,2.5948365103980486,0.2,4.24,0.02,0.000007079457843841388,0.5,15.7,0.21
954,YLDDPPYTV,1,9,9,HLA-A*02:01,954,0.2,0.2,3.1654102184656954,0.2,3.0982039264448566,0.2,4.64,0.02,0.0000072443596007498914,0.5,16.81,0.28
267,YLADPVHEV,1,9,9,HLA-A*02:01,267,0.2,0.2,2.4514892885754063,0.2,2.3394297045810406,0.2,3.57,0.02,0.000007585775750291836,0.5,11.08,0.03
30,YLDDEIHTV,1,9,9,HLA-A*02:01,30,0.2,0.2,2.457140555030989,0.2,2.4272247953115693,0.2,2.7,0.02,0.000007585775750291852,0.5,14.36,0.18
605,YLMWPITHV,1,9,9,HLA-A*02:01,605,0.2,0.2,2.1949771321126565,0.2,2.244450335962182,0.2,2.71,0.02,0.000007943282347242805,0.5,10.25,0.02
889,YLDDAVHHV,1,9,9,HLA-A*02:01,889,0.2,0.2,2.120459587839972,0.2,2.094642928961961,0.2,2.91,0.02,0.000008128305161640995,0.5,14.6,0.19
648,YMDDPIPEV,1,9,9,HLA-A*02:01,648,0.2,0.2,2.1698514366511796,0.2,2.0754391271592563,0.2,4.98,0.02,0.00000851138038202376,0.6,16.17,0.23
655,YLDDPINAV,1,9,9,HLA-A*02:01,655,0.2,0.2,7.185053396689163,0.2,7.06496476110909,0.2,4.73,0.02,0.000008511380382023777,0.6,19.89,0.47
681,YLDDFVKEV,1,9,9,HLA-A*02:01,681,0.2,0.2,4.1155700680448035,0.2,4.227756831740247,0.2,3.36,0.02,0.000008689604292863019,0.6,16.12,0.23
947,YLDDDWITV,1,9,9,HLA-A*02:01,947,0.2,0.2,2.7760673608508646,0.2,2.8914121391007885,0.2,3.24,0.02,0.000008709635899560797,0.6,18.14,0.35
456,YLDEEIETV,1,9,9,HLA-A*02:01,456,0.2,0.2,6.448073808214261,0.2,6.458177838650533,0.2,3.36,0.02,0.000008709635899560797,0.6,16.59,0.26
565,KLMHPIHEV,1,9,9,HLA-A*02:01,565,0.2,0.2,5.853693783201158,0.2,5.213267382935429,0.2,4.4,0.02,0.000008709635899560814,0.6,11.02,0.03
609,YLMKPVTEV,1,9,9,HLA-A*02:01,609,0.2,0.2,3.446910444632453,0.2,3.185004131304747,0.2,3.08,0.02,0.00000891250938133744,0.6,10.71,0.03
457,YLDEEISTV,1,9,9,HLA-A*02:01,457,0.2,0.2,5.4755783795285975,0.2,5.384061351010444,0.2,3.02,0.02,0.00000891250938133744,0.6,15.46,0.2
929,YLDDELAEV,1,9,9,HLA-A*02:01,929,0.2,0.2,2.2152870054570224,0.2,2.2136553228775795,0.2,2.79,0.02,0.00000891250938133746,0.6,17.14,0.32
660,YLDDEINHV,1,9,9,HLA-A*02:01,660,0.2,0.2,5.462984898721076,0.2,5.598993972976608,0.2,3.57,0.02,0.00000891250938133746,0.6,18.17,0.35
451,YLDDDVEQV,1,9,9,HLA-A*02:01,451,0.2,0.2,5.603120984455624,0.2,5.6508008263526035,0.2,4.81,0.02,0.00000891250938133746,0.6,19.21,0.41
31,YLDDEIHQV,1,9,9,HLA-A*02:01,31,0.2,0.2,3.3607019656564683,0.2,3.3427969712372665,0.2,3.24,0.02,0.000009120108393559096,0.6,14.66,0.19
657,YLDDEVNAV,1,9,9,HLA-A*02:01,657,0.2,0.2,5.948808655643484,0.2,6.13917481170595,0.2,3.52,0.02,0.000009120108393559096,0.6,20.38,0.49
29,YLDDPIHTV,1,9,9,HLA-A*02:01,29,0.2,0.2,3.4868237864640403,0.2,3.2893493440021473,0.2,3.59,0.02,0.000009120108393559115,0.6,14.49,0.18
897,YLDDAVTKV,1,9,9,HLA-A*02:01,897,0.2,0.2,4.780023150693442,0.2,4.646329445783264,0.2,3.61,0.02,0.000009332543007969906,0.7,16.01,0.23
682,YLDDVVKEV,1,9,9,HLA-A*02:01,682,0.2,0.2,5.43788476309655,0.2,5.433879457321223,0.2,4.17,0.02,0.000009977000638225525,0.7,17.27,0.32
606,YLMGPITHV,1,9,9,HLA-A*02:01,606,0.2,0.2,3.1800210881792172,0.2,3.013769268144127,0.2,2.87,0.02,0.00001,0.7,9.89,0.01
370,YLDWPIHEV,1,9,9,HLA-A*02:01,370,0.2,0.2,3.710479188144183,0.2,3.565414283581915,0.2,3.36,0.02,0.000010232929922807557,0.7,15.9,0.22
533,YLADEVHTV,1,9,9,HLA-A*02:01,533,0.2,0.2,2.578873265667341,0.2,2.576973781504876,0.2,2.7,0.02,0.000010471285480508985,0.7,10.17,0.02
332,YLMDEHVTV,1,9,9,HLA-A*02:01,332,0.2,0.2,3.254093294838816,0.2,3.185004131304747,0.2,2.93,0.02,0.000010715193052376048,0.7,10.08,0.01
710,YLDEHPPTV,1,9,9,HLA-A*02:01,710,0.2,0.2,3.02294329035123,0.2,2.9248931137120207,0.2,3.83,0.02,0.000010964781961431828,0.8,14.83,0.2
575,YLDGHIHEV,1,9,9,HLA-A*02:01,575,0.2,0.2,2.251282523629137,0.2,2.070665749626617,0.2,2.72,0.02,0.000010964781961431852,0.8,13.56,0.14
601,YLMHPITEV,1,9,9,HLA-A*02:01,601,0.2,0.2,2.57887326566734,0.2,2.371974413605312,0.2,2.73,0.02,0.000010964781961431852,0.8,10.13,0.02
743,YLDDQIHKV,1,9,9,HLA-A*02:01,743,0.2,0.2,3.4153089797263645,0.2,3.1125045860090284,0.2,3.8,0.02,0.000010964781961431852,0.8,14.28,0.17
815,YLMKEIVHV,1,9,9,HLA-A*02:01,815,0.2,0.2,2.7379782887375814,0.2,2.7108781679851846,0.2,2.57,0.02,0.00001122018454301963,0.8,9.93,0.01
366,YLDHHIQEV,1,9,9,HLA-A*02:01,366,0.2,0.2,6.941127149460315,0.2,6.340302808752409,0.2,3.68,0.02,0.00001122018454301963,0.8,15.3,0.2
659,YLDDEVNHV,1,9,9,HLA-A*02:01,659,0.2,0.2,6.41844760017897,0.2,6.593408748284247,0.2,3.97,0.02,0.000011481536214968841,0.8,18.96,0.4
599,YLMHEVTEV,1,9,9,HLA-A*02:01,599,0.2,0.2,2.1351579115165116,0.2,2.061151904702596,0.2,2.54,0.01,0.000011748975549395279,0.8,10.13,0.02
806,FMDHDIIHV,1,9,9,HLA-A*02:01,806,0.2,0.2,3.4310733297127025,0.2,3.221884740960777,0.2,3.57,0.02,0.000011748975549395302,0.8,14.79,0.2
28,YLDDPIHHV,1,9,9,HLA-A*02:01,28,0.2,0.2,3.6093583291494578,0.2,3.4206607152844195,0.2,4.3,0.02,0.000011748975549395302,0.8,14.8,0.2
894,YLDDQVHTV,1,9,9,HLA-A*02:01,894,0.2,0.2,2.508591809650542,0.2,2.3665190238394853,0.2,3,0.02,0.000012022644346174132,0.8,14.05,0.16
787,YLDEHVSAV,1,9,9,HLA-A*02:01,787,0.2,0.2,3.6680056841000916,0.2,3.5984046557640856,0.2,2.88,0.02,0.000012022644346174132,0.8,14.85,0.2
70,YLDDEITHV,1,9,9,HLA-A*02:01,70,0.2,0.2,3.7104791881441757,0.2,3.759326100815004,0.2,3.22,0.02,0.00001230268770812381,0.8,15.79,0.22
899,YLDDSVTTV,1,9,9,HLA-A*02:01,899,0.2,0.2,3.1147988092600203,0.2,3.0910782551493194,0.2,2.82,0.02,0.000012589254117941661,0.8,15.45,0.2
673,YLDEEPIHV,1,9,9,HLA-A*02:01,673,0.2,0.2,5.051612160099467,0.2,5.071191373557448,0.2,4.65,0.02,0.000012589254117941661,0.8,17.97,0.33
218,YMDDNVIHV,1,9,9,HLA-A*02:01,218,0.2,0.2,2.101019097485998,0.2,2.1483745548987208,0.2,2.83,0.02,0.000012882495516931323,0.8,15.09,0.2
607,YLMGPVTHV,1,9,9,HLA-A*02:01,607,0.2,0.2,3.7361990011579067,0.2,3.5490326929799534,0.2,3.12,0.02,0.000012882495516931323,0.8,10,0.01
331,YLMDPHVTV,1,9,9,HLA-A*02:01,331,0.2,0.2,4.617745566319059,0.2,4.316283877038503,0.2,3.62,0.02,0.000012882495516931323,0.8,10.42,0.02
674,YLDWEPIHV,1,9,9,HLA-A*02:01,674,0.2,0.2,7.152041075024386,0.2,7.397926292330932,0.2,5.52,0.03,0.000012882495516931323,0.8,19.03,0.4
534,YLADEVHHV,1,9,9,HLA-A*02:01,534,0.2,0.2,2.6695004598143277,0.2,2.6798470021996876,0.2,2.94,0.02,0.000013489628825916533,0.9,10.2,0.02
813,YLDNEIVHV,1,9,9,HLA-A*02:01,813,0.2,0.2,8.325877178848868,0.2,8.20559352862102,0.2,4.03,0.02,0.000013803842646028839,0.9,16.71,0.27
600,YLMHPVTEV,1,9,9,HLA-A*02:01,600,0.2,0.2,3.029911894331481,0.2,2.7932512385001322,0.2,2.94,0.02,0.000014125375446227526,0.9,10.32,0.02
574,YLDGHIHSV,1,9,9,HLA-A*02:01,574,0.2,0.2,2.9136004800098587,0.2,2.679847002199685,0.2,2.73,0.02,0.000014125375446227555,0.9,12.55,0.1
801,YLDDDITNV,1,9,9,HLA-A*02:01,801,0.2,0.2,2.9203170227801603,0.2,2.8649035132717886,0.2,3.59,0.02,0.000014125375446227555,0.9,17.98,0.33
602,YLMHPITSV,1,9,9,HLA-A*02:01,602,0.2,0.2,3.337567056053216,0.2,3.069799422113763,0.2,2.76,0.02,0.000014125375446227555,0.9,10,0.01
895,YLDDQVHKV,1,9,9,HLA-A*02:01,895,0.2,0.2,4.012638169643528,0.2,3.665303993095137,0.2,4.28,0.02,0.000014125375446227555,0.9,14.63,0.19
114,YLDDIPTEV,1,9,9,HLA-A*02:01,114,0.2,0.2,2.0817568386188956,0.2,2.085018918905804,0.2,3.38,0.02,0.00001445439770745928,0.9,16.48,0.25
572,YLDWHIHAV,1,9,9,HLA-A*02:01,572,0.2,0.2,2.2255123056806663,0.2,2.2289996485278,0.2,2.61,0.02,0.000014791083881682072,0.9,12.76,0.11
928,YLDDELATV,1,9,9,HLA-A*02:01,928,0.2,0.2,3.3069680573592395,0.2,3.3045322907264394,0.2,2.83,0.02,0.000014791083881682072,0.9,15.29,0.2
604,YLMKPITHV,1,9,9,HLA-A*02:01,604,0.2,0.2,4.533462211123385,0.2,4.198653158422479,0.2,3.23,0.02,0.000014791083881682072,0.9,10.03,0.01
898,YLDDSVTKV,1,9,9,HLA-A*02:01,898,0.2,0.2,4.982301442871273,0.2,4.787513371934261,0.2,3.66,0.02,0.000014791083881682072,0.9,16.06,0.23
932,YLDDEPAEV,1,9,9,HLA-A*02:01,932,0.2,0.2,4.182442702068297,0.2,4.131521337126779,0.2,5.56,0.03,0.000015135612484362071,1,22.37,0.62
595,YLDHEVIHV,1,9,9,HLA-A*02:01,595,0.2,0.2,7.6459244076556825,0.2,7.296422938337763,0.2,4.52,0.02,0.000015135612484362071,1,16.13,0.23
368,YLDHPIWEV,1,9,9,HLA-A*02:01,368,0.2,0.2,2.520170943337989,0.2,2.265217979225618,0.2,2.89,0.02,0.000015488166189124828,1,14.74,0.2
69,YLDDEVTHV,1,9,9,HLA-A*02:01,69,0.2,0.2,4.359432925804605,0.2,4.427004872732431,0.2,3.52,0.02,0.00001584893192461114,1,16.43,0.25
68,YLDDHVTHV,1,9,9,HLA-A*02:01,68,0.2,0.2,2.5907768038162207,0.2,2.59483651039805,0.2,2.97,0.02,0.0000162181009735893,1,14.07,0.16
535,YLADPVHHV,1,9,9,HLA-A*02:01,535,0.2,0.2,3.788174706652013,0.2,3.6317002841016817,0.2,3.88,0.02,0.0000162181009735893,1,10.39,0.02
330,YLMDPHVHV,1,9,9,HLA-A*02:01,330,0.2,0.2,4.780023150693442,0.2,4.488590645175174,0.2,4.47,0.02,0.000016595869074375598,1,10.41,0.02
665,YLDEEIHQV,1,9,9,HLA-A*02:01,665,0.2,0.2,3.7707696248754394,0.2,3.7077462130318084,0.2,2.96,0.02,0.000016595869074375632,1,14.13,0.16
969,YLDDPPTYV,1,9,9,HLA-A*02:01,969,0.2,0.2,3.975850081778851,0.2,3.9912598192964928,0.2,5.99,0.04,0.00001698243652461746,1.1,17.89,0.33
647,YMDDPIPQV,1,9,9,HLA-A*02:01,647,0.2,0.2,4.430268012506404,0.2,4.266875784064251,0.2,5.5,0.03,0.00001698243652461746,1.1,15.36,0.2
39,YLDDDVVHV,1,9,9,HLA-A*02:01,39,0.2,0.2,2.2668876685747867,0.2,2.317981684129946,0.2,3.14,0.02,0.000017378008287493764,1.1,16.5,0.25
571,YLDWDIHAV,1,9,9,HLA-A*02:01,571,0.2,0.2,2.2721133843467074,0.2,2.2756737503525737,0.2,2.79,0.02,0.000017378008287493764,1.1,14.41,0.18
893,YLDDQLHTV,1,9,9,HLA-A*02:01,893,0.2,0.2,2.256472265826716,0.2,2.1091623001082977,0.2,2.73,0.02,0.00001778279410038923,1.1,13.4,0.14
283,YLDEEIHHV,1,9,9,HLA-A*02:01,283,0.2,0.2,2.853842491651632,0.2,2.7996903476162625,0.2,2.79,0.02,0.00001778279410038923,1.1,13.96,0.16
896,YLDDQVTKV,1,9,9,HLA-A*02:01,896,0.2,0.2,5.853693783201146,0.2,5.458961105294295,0.2,4.64,0.02,0.00001778279410038923,1.1,16.12,0.23
933,YLDDPPAEV,1,9,9,HLA-A*02:01,933,0.2,0.2,5.935126775403669,0.2,5.598993972976608,0.2,8.27,0.06,0.000018197008586099827,1.1,21.04,0.55
817,YLDKEIVEV,1,9,9,HLA-A*02:01,817,0.2,0.2,6.751962164520441,0.2,6.413720055120263,0.2,3.72,0.02,0.000018197008586099827,1.1,17.69,0.33
72,YLDDELHHV,1,9,9,HLA-A*02:01,72,0.2,0.2,2.6880045530014973,0.2,2.649171047231624,0.2,3.05,0.02,0.000018620871366628657,1.1,14.44,0.18
81,YLMHPIHHV,1,9,9,HLA-A*02:01,81,0.2,0.2,2.731681113418251,0.2,2.4723502733757803,0.2,2.83,0.02,0.000018620871366628657,1.1,9.56,0.01
900,YLDDSLTTV,1,9,9,HLA-A*02:01,900,0.2,0.2,2.8017539958820197,0.2,2.7549263947466534,0.2,2.57,0.02,0.000018620871366628657,1.1,14.3,0.17
573,YLDGHIHAV,1,9,9,HLA-A*02:01,573,0.2,0.2,3.224259588187655,0.2,2.993022626431741,0.2,2.82,0.02,0.000018620871366628657,1.1,13.27,0.13
555,YLDDKLHHV,1,9,9,HLA-A*02:01,555,0.2,0.2,2.379194789157983,0.2,2.2967303003122885,0.2,2.98,0.02,0.000019054607179632443,1.1,13.47,0.14
113,YLDDHPTEV,1,9,9,HLA-A*02:01,113,0.2,0.2,2.847278836060352,0.2,2.7804174148268954,0.2,5.39,0.03,0.000019054607179632443,1.1,17.6,0.32
705,YLDEEPHYV,1,9,9,HLA-A*02:01,705,0.2,0.2,2.154914284427506,0.2,2.1933604088890184,0.2,3.21,0.02,0.000020417379446695318,1.2,15.58,0.2
808,FMDWDIVHV,1,9,9,HLA-A*02:01,808,0.2,0.2,2.6633607791310907,0.2,2.7676425572172123,0.2,3.24,0.02,0.00002089296130854041,1.3,14.49,0.18
663,YLDHEIFQV,1,9,9,HLA-A*02:01,663,0.2,0.2,3.6680056841000916,0.2,3.5003381389206165,0.2,2.73,0.02,0.00002187761623949552,1.3,13.35,0.14
391,YLDETVHHV,1,9,9,HLA-A*02:01,391,0.2,0.2,2.52017094333799,0.2,2.495226648796986,0.2,2.91,0.02,0.00002238721138568338,1.4,13.17,0.13
284,YLDEEVHHV,1,9,9,HLA-A*02:01,284,0.2,0.2,3.35297256562404,0.2,3.2969320773614545,0.2,3.04,0.02,0.0000229086765276777,1.4,14.26,0.17
568,YLDHPIHYV,1,9,9,HLA-A*02:01,568,0.2,0.2,3.939399269131008,0.2,3.6317002841016817,0.2,3.34,0.02,0.00002290867652767775,1.4,13.69,0.14
71,YLDDELTHV,1,9,9,HLA-A*02:01,71,0.2,0.2,3.921299373603645,0.2,3.9455722459454434,0.2,3.22,0.02,0.00002344228815319923,1.4,15.37,0.2
603,YLMHPITHV,1,9,9,HLA-A*02:01,603,0.2,0.2,3.985015362779383,0.2,3.6822222676338265,0.2,3,0.02,0.00002344228815319923,1.4,9.83,0.01
537,YLADPLHHV,1,9,9,HLA-A*02:01,537,0.2,0.2,3.407453987046734,0.2,3.2367562852262153,0.2,3.56,0.02,0.0000239883291901949,1.4,10.16,0.02
300,YLDDEPHTV,1,9,9,HLA-A*02:01,300,0.2,0.2,4.902639952035057,0.2,4.754556361697732,0.2,5.24,0.03,0.000024547089156850336,1.5,17.16,0.32
704,YLDEEPTYV,1,9,9,HLA-A*02:01,704,0.2,0.2,3.1436196877938922,0.2,3.2667056223914024,0.2,3.45,0.02,0.000025703957827688645,1.5,16.79,0.28
800,YLDEDITNV,1,9,9,HLA-A*02:01,800,0.2,0.2,3.276649591971506,0.2,3.177678825077839,0.2,3.12,0.02,0.000025703957827688645,1.5,16.92,0.29
812,YLDGEIVHV,1,9,9,HLA-A*02:01,812,0.2,0.2,7.318633512576562,0.2,7.146773197408153,0.2,4.06,0.02,0.000026302679918953814,1.5,16.17,0.23
706,YLDEEPHEV,1,9,9,HLA-A*02:01,706,0.2,0.2,3.684936429077865,0.2,3.532726368949926,0.2,4.82,0.02,0.00002691534803926914,1.6,18.1,0.34
707,YLDEHPHEV,1,9,9,HLA-A*02:01,707,0.2,0.2,2.189928824797843,0.2,2.0706657496266194,0.2,4.17,0.02,0.000027542287033381633,1.6,15.19,0.2
43,YLDEHVTHV,1,9,9,HLA-A*02:01,43,0.2,0.2,2.9068993848592557,0.2,2.8781273070568902,0.2,2.78,0.02,0.00002951209226666384,1.7,13.46,0.14
301,YLDDPPHTV,1,9,9,HLA-A*02:01,301,0.2,0.2,6.9571281000687994,0.2,6.443324441799032,0.2,7.3,0.05,0.0000295120922666639,1.7,16.93,0.3
399,YLDHEVFHV,1,9,9,HLA-A*02:01,399,0.2,0.2,3.2615947546111124,0.2,3.112504586009025,0.2,2.83,0.02,0.00003019951720402013,1.7,13.6,0.14
395,YLDWHVTHV,1,9,9,HLA-A*02:01,395,0.2,0.2,4.1155700680448035,0.2,4.198653158422474,0.2,3.34,0.02,0.00003019951720402013,1.7,13.61,0.14
567,YLDHPIHEV,1,9,9,HLA-A*02:01,567,0.2,0.2,6.736433082469511,0.2,5.849382210864062,0.2,5.1,0.02,0.000030199517204020192,1.7,15.49,0.2
372,YLDEPPHEV,1,9,9,HLA-A*02:01,372,0.2,0.2,5.22913675662909,0.2,4.787513371934261,0.2,6.64,0.04,0.00003235936569296281,1.9,16.97,0.31
799,YLDEDVTNV,1,9,9,HLA-A*02:01,799,0.2,0.2,3.849727594000932,0.2,3.742053566342246,0.2,3.42,0.02,0.000033113112148259076,1.9,17.8,0.33
711,YLDHHPPTV,1,9,9,HLA-A*02:01,711,0.2,0.2,7.7701606850682365,0.2,7.0001927748485935,0.2,6.31,0.04,0.000033113112148259076,1.9,15.35,0.2
371,YLDWPPHEV,1,9,9,HLA-A*02:01,371,0.2,0.2,7.403379294580416,0.2,6.984092778236613,0.2,7.09,0.05,0.000033113112148259144,1.9,18.45,0.35
649,YMDDPIHEV,1,9,9,HLA-A*02:01,649,0.2,0.2,2.3465510128671943,0.2,2.193360408889015,0.2,4.64,0.02,0.000035481338923357534,2.1,15.12,0.2
400,YLDHEVWHV,1,9,9,HLA-A*02:01,400,0.2,0.2,3.224259588187655,0.2,3.0556949749546285,0.2,2.66,0.02,0.000035481338923357534,2.1,13.8,0.15
429,YMDDEVLEV,1,9,9,HLA-A*02:01,429,0.2,0.2,2.3465510128671943,0.2,2.37197441360531,0.2,2.9,0.02,0.00003715352290971728,2.1,17.04,0.31
476,YMMHPVPHV,1,9,9,HLA-A*02:01,476,0.2,0.2,2.9814669534999316,0.2,2.7422686577355257,0.2,3.23,0.02,0.00003715352290971728,2.1,9.87,0.01
653,YMDDPISAV,1,9,9,HLA-A*02:01,653,0.2,0.2,6.67467309274324,0.2,6.34030280875239,0.2,5.53,0.03,0.000038904514499428046,2.2,17.39,0.32
984,YLDDHHVAV,1,9,9,HLA-A*02:01,984,0.2,0.2,7.0701723378288985,0.2,6.639112074331944,0.2,4.82,0.02,0.000038904514499428046,2.2,16.43,0.25
536,YLADPPHHV,1,9,9,HLA-A*02:01,536,0.2,0.2,6.433243649987911,0.2,6.041016194927677,0.2,8.65,0.07,0.00004073802778041122,2.3,11.65,0.08
702,YLDEEPTSV,1,9,9,HLA-A*02:01,702,0.2,0.2,6.957128100068785,0.2,6.809418087637532,0.2,5.09,0.02,0.000043651583224016566,2.5,19.64,0.46
708,YLDEHPHTV,1,9,9,HLA-A*02:01,708,0.2,0.2,3.269113507034122,0.2,3.0910782551493194,0.2,3.76,0.02,0.000045708818961487516,2.6,13.93,0.15
570,YLDHDIHAV,1,9,9,HLA-A*02:01,570,0.2,0.2,4.125057436877923,0.2,3.733447081967069,0.2,3.59,0.02,0.00005128613839913648,2.9,15,0.2
709,YLDEHPVTV,1,9,9,HLA-A*02:01,709,0.2,0.2,4.087238682976132,0.2,4.028190491706896,0.2,3.28,0.02,0.000052480746024977124,3,14.8,0.2
703,YLDEEPTTV,1,9,9,HLA-A*02:01,703,0.2,0.2,8.024722072103012,0.2,7.854345477051388,0.2,5.02,0.02,0.00005623413251903491,3.3,18.61,0.37
672,YLDEEPHHV,1,9,9,HLA-A*02:01,672,0.2,0.2,5.694164376449395,0.2,5.484158524894246,0.2,5.45,0.03,0.000057543993733715664,3.4,17.09,0.32
671,YLDEHPHHV,1,9,9,HLA-A*02:01,671,0.2,0.2,3.3839972387920074,0.2,3.2144746116854788,0.2,4.57,0.02,0.00005888436553555884,3.4,14.55,0.19
645,YMDDPIHTV,1,9,9,HLA-A*02:01,645,0.2,0.2,3.50291823380008,0.2,3.2742361565814235,0.2,4.07,0.02,0.00005888436553555884,3.4,14.11,0.16
807,FMDHDIVHV,1,9,9,HLA-A*02:01,807,0.2,0.2,4.8353732101281555,0.2,4.540566075242387,0.2,3.88,0.02,0.00006165950018614822,3.6,15.06,0.2
397,YLDHWVTHV,1,9,9,HLA-A*02:01,397,0.2,0.2,2.7191301787733764,0.2,2.717127387562573,0.2,3.04,0.02,0.00006309573444801929,3.6,13.12,0.13
646,YMDDPIHQV,1,9,9,HLA-A*02:01,646,0.2,0.2,4.791042242073665,0.2,4.509309038238857,0.2,5.35,0.03,0.00007079457843841373,4,14.51,0.18
143,YMMDPPVHV,1,9,9,HLA-A*02:01,143,0.2,0.2,2.373722792989208,0.2,2.3665190238394826,0.2,3.95,0.02,0.00008128305161640995,4.7,10.38,0.02
396,YLDHHVTHV,1,9,9,HLA-A*02:01,396,0.2,0.2,7.471881919775638,0.2,6.888267432919862,0.2,4.15,0.02,0.00008912509381337459,5.1,13.95,0.16
644,YMDDPLHTV,1,9,9,HLA-A*02:01,644,0.2,0.2,3.701945322823708,0.2,3.4364497677597154,0.2,3.97,0.02,0.00011220184543019641,6.2,13.85,0.15
712,YLDHHPHTV,1,9,9,HLA-A*02:01,712,0.2,0.2,8.40291557187324,0.2,7.397926292330939,0.2,6.5,0.04,0.00013803842646028852,7.5,14.36,0.18
809,YMDWDIVHV,1,9,9,HLA-A*02:01,809,0.2,0.2,3.0791440021277388,0.2,3.170370366587734,0.2,3.26,0.02,0.00016218100973589298,8.6,14.46,0.18
811,YMDGEIVHV,1,9,9,HLA-A*02:01,811,0.2,0.2,7.352414789995054,0.2,7.113936757282758,0.2,3.88,0.02,0.00016982436524617427,9.1,15.36,0.2
810,YMDGDIVHV,1,9,9,HLA-A*02:01,810,0.2,0.2,4.4609771632938395,0.2,4.257062242083815,0.2,3.88,0.02,0.00020417379446695274,12,15.36,0.2
695,FLDDPHISV,1,9,9,HLA-A*02:01,695,0.3,0.2,9.363322887971181,0.3,8.513536454596704,0.3,8.12,0.06,8.511380382023777e-7,0.2,18.45,0.35
694,FLDDPHITV,1,9,9,HLA-A*02:01,694,0.3,0.2,10.800155289161165,0.3,9.819966359133204,0.3,7.77,0.06,0.0000010964781961431874,0.2,18.03,0.33
656,YLDDPVNAV,1,9,9,HLA-A*02:01,656,0.3,0.2,8.441701667880064,0.3,8.319744705396072,0.2,5.34,0.03,0.000010964781961431852,0.8,20.8,0.53
699,YLDDPPTSV,1,9,9,HLA-A*02:01,699,0.3,0.2,8.798932782169912,0.3,8.319744705396072,0.2,9.27,0.08,0.000028840315031266056,1.7,19.39,0.43
696,YLDDPHISV,1,9,9,HLA-A*02:01,696,0.3,0.3,10.825052218380954,0.3,9.752366186208869,0.3,8.87,0.07,0.000006606934480075964,0.5,18.63,0.37
168,KLDDPVHEV,1,9,9,HLA-A*02:01,168,0.3,0.3,9.087198189313867,0.3,8.493955864106766,0.3,8.87,0.07,0.000007079457843841388,0.5,17.89,0.33
952,YLDDPHITV,1,9,9,HLA-A*02:01,952,0.3,0.3,12.486191747374962,0.3,11.248898548946888,0.3,8.49,0.07,0.00000851138038202376,0.6,18.11,0.34
12,YLMRPVGEV,1,9,9,HLA-A*02:01,12,0.3,0.3,13.91329520947808,0.3,12.738256802827383,0.3,7.9,0.06,0.000013803842646028839,0.9,13.23,0.13
169,KLDDPVHHV,1,9,9,HLA-A*02:01,169,0.3,0.3,14.042033345002675,0.4,13.185906746596618,0.3,10.81,0.09,0.000015135612484362071,1,16.82,0.28
2,GLLGFVFTL,1,9,9,HLA-A*02:01,2,0.3,0.3,8.500216748387551,0.3,8.812720571714822,0.3,5.62,0.03,0.000039902490236214286,2.3,13.53,0.14
985,YLDDHHVQV,1,9,9,HLA-A*02:01,985,0.3,0.3,10.079291372885011,0.3,9.443000224257023,0.3,6.44,0.04,0.000045708818961487516,2.6,15.35,0.2
700,YLDEPPTSV,1,9,9,HLA-A*02:01,700,0.3,0.3,9.872564959757156,0.3,9.228051296638025,0.3,7.6,0.06,0.00005248074602497723,3,18.25,0.35
18,HLMDPVGEV,1,9,9,HLA-A*02:01,18,0.32,0.3,24.067445663944337,0.5,26.008182263277433,0.5,18.46,0.17,0.000003674514791999399,0.3,17.24,0.32
13,YLMRPCGEV,1,9,9,HLA-A*02:01,13,0.4,0.4,20.769689307531106,0.4,18.24357725084828,0.4,11.53,0.1,0.000027542287033381633,1.6,16.33,0.24
1,GILGFVFTL,1,9,9,HLA-A*02:01,1,0.8,0.8,45.75409820495877,0.8,48.65304206329171,0.8,15.71,0.15,0.00034994516702835696,17,19.96,0.48
17,HLMRPVGEV,1,9,9,HLA-A*02:01,17,1.4,1.1,114.13793211812028,1.8,109.42334834036822,1.8,110.83,0.91,0.00001758733354135575,1.1,36.38,1.4
14,HLMRPCGEV,1,9,9,HLA-A*02:01,14,2.3,2,170.38446698683669,2.4,156.71479539106903,2.3,187.05,1.5,0.00003509134383585528,2,82.23,2.6
16,HAMRPVGEV,1,9,9,HLA-A*02:01,16,14,14,2920.317022780174,14,2819.096873993536,14,8862.53,18,0.00017514590994133837,9.3,4349.48,14
15,HAMRPCGEV,1,9,9,HLA-A*02:01,15,17,17,4359.4329258046255,17,4037.476429813413,16,10397.38,20,0.0003494620337268855,17,8566.79,21