seq #,peptide,start,end,peptide length,allele,peptide index,median binding percentile,consensus percentile,smmpmbec IC50,smmpmbec percentile,smm IC50,smm percentile,ann IC50,ann percentile,comblib_sidney2008 score,comblib_sidney2008 percentile,mhcflurry IC50,mhcflurry percentile
901,FLMDEVYYV,1,9,9,HLA-A*02:01,901,0.1,0.1,0.11679654608988874,0.1,0.1358657529713063,0.1,1.68,0.01,4.073802778041122e-8,0.1,9.27,0.01
812,FLYDMIIEL,1,9,9,HLA-A*02:01,812,0.1,0.1,1.151940374010374,0.1,1.2975078678181742,0.1,2.24,0.01,5.011872336272725e-8,0.1,10.73,0.03
164,FLMDWIQEV,1,9,9,HLA-A*02:01,164,0.1,0.1,0.198806234678047,0.1,0.22392882434360206,0.1,1.81,0.01,5.370317963702522e-8,0.1,9.44,0.01
814,FLYDMIYEL,1,9,9,HLA-A*02:01,814,0.1,0.1,0.5907857344904911,0.1,0.674698896736189,0.1,2.03,0.01,5.6234132519034905e-8,0.1,9.91,0.01
815,FLYDMVYEL,1,9,9,HLA-A*02:01,815,0.1,0.1,0.6941127149460319,0.1,0.7945294511244344,0.1,2.1,0.01,7.244359600749906e-8,0.1,10.01,0.01
470,FLMDHVIRV,1,9,9,HLA-A*02:01,470,0.1,0.1,0.4681984806125965,0.1,0.48990288839507307,0.1,1.97,0.01,7.413102413009177e-8,0.1,9.57,0.01
336,FLMDPIPTV,1,9,9,HLA-A*02:01,336,0.1,0.1,0.7318633512576566,0.1,0.7397926292330932,0.1,2.25,0.01,8.128305161640995e-8,0.1,9.82,0.01
335,FLMDPIPAV,1,9,9,HLA-A*02:01,335,0.1,0.1,0.7021501613799632,0.1,0.7163248211116929,0.1,2.24,0.01,8.317637711026709e-8,0.1,10.08,0.01
168,FLMEWIWEV,1,9,9,HLA-A*02:01,168,0.1,0.1,0.033917981580823806,0.1,0.038380444484548734,0.1,1.57,0.01,1.1481536214968817e-7,0.1,9.19,0.01
171,FLMEIIWEV,1,9,9,HLA-A*02:01,171,0.1,0.1,0.06814437301222835,0.1,0.0729642293833776,0.1,1.62,0.01,1.2302687708123812e-7,0.1,9.51,0.01
165,FLMDWIHEV,1,9,9,HLA-A*02:01,165,0.1,0.1,0.080803467881346,0.1,0.08935317726977507,0.1,1.75,0.01,1.2302687708123812e-7,0.1,9,0.01
176,FLMEWVFEV,1,9,9,HLA-A*02:01,176,0.1,0.1,0.04031159665897685,0.1,0.046037316413779616,0.1,1.61,0.01,1.2589254117941662e-7,0.1,9.16,0.01
392,FLWDPIYEV,1,9,9,HLA-A*02:01,392,0.1,0.1,0.24913227851012662,0.1,0.25357708202560625,0.1,1.96,0.01,1.3182567385564048e-7,0.1,10.05,0.01
811,FLDDMIIEL,1,9,9,HLA-A*02:01,811,0.1,0.1,2.0203657612611,0.1,2.1732515597903017,0.2,2.51,0.01,1.3182567385564074e-7,0.1,17.63,0.32
174,FLMEIVFEV,1,9,9,HLA-A*02:01,174,0.1,0.1,0.0809897391123324,0.1,0.08752054230019281,0.1,1.69,0.01,1.3489628825916533e-7,0.1,9.52,0.01
167,FLMQWIWEV,1,9,9,HLA-A*02:01,167,0.1,0.1,0.10850006540950019,0.1,0.11537454464934029,0.1,1.68,0.01,1.3489628825916533e-7,0.1,9.46,0.01
900,FLDDEVYYV,1,9,9,HLA-A*02:01,900,0.1,0.1,0.4450717200529222,0.1,0.4990108631020586,0.1,1.88,0.01,1.4125375446227526e-7,0.1,13.15,0.13
903,FLMDYVHYV,1,9,9,HLA-A*02:01,903,0.1,0.1,0.05760099692394841,0.1,0.06578244328971374,0.1,1.67,0.01,1.4791083881682042e-7,0.1,9.04,0.01
816,FLYDMVWEL,1,9,9,HLA-A*02:01,816,0.1,0.1,0.5707290780991813,0.1,0.6398968908333468,0.1,1.88,0.01,1.5135612484362101e-7,0.1,9.94,0.01
169,FLMEHIWEV,1,9,9,HLA-A*02:01,169,0.1,0.1,0.0932030232709805,0.1,0.09729936366401498,0.1,1.63,0.01,1.6218100973589298e-7,0.1,9.12,0.01
902,FLMDEVHYV,1,9,9,HLA-A*02:01,902,0.1,0.1,0.2567024419308297,0.1,0.2825595563452749,0.1,1.82,0.01,1.6595869074375596e-7,0.1,9.29,0.01
393,FLDDPIYEV,1,9,9,HLA-A*02:01,393,0.1,0.1,0.9192422985097642,0.1,0.9249324151871845,0.1,2.72,0.02,1.7378008287493727e-7,0.1,15.18,0.2
510,FLMDHIHEV,1,9,9,HLA-A*02:01,510,0.1,0.1,0.2220393769415479,0.1,0.22652179792256172,0.1,2,0.01,1.7378008287493765e-7,0.1,9.21,0.01
175,FLMEHVFEV,1,9,9,HLA-A*02:01,175,0.1,0.1,0.11077200076142457,0.1,0.11671051891186397,0.1,1.7,0.01,1.7782794100389192e-7,0.1,9.09,0.01
170,FLMEPIWEV,1,9,9,HLA-A*02:01,170,0.1,0.1,0.22255123056806672,0.1,0.22496243283405984,0.1,1.75,0.01,1.9054607179632483e-7,0.1,9.53,0.01
443,FLMDFIHTV,1,9,9,HLA-A*02:01,443,0.1,0.1,0.19161521906009996,0.1,0.20375580939517948,0.1,1.8,0.01,2.0892961308540409e-7,0.1,9.06,0.01
469,FLMDHVERV,1,9,9,HLA-A*02:01,469,0.1,0.1,1.2343263492347438,0.1,1.270895962516895,0.1,2.41,0.01,2.1379620895022324e-7,0.1,9.99,0.01
172,FLMEIINEV,1,9,9,HLA-A*02:01,172,0.1,0.1,0.39122806353117023,0.1,0.41793620994738284,0.1,1.93,0.01,2.187761623949552e-7,0.1,10,0.01
391,FLWDPIYAV,1,9,9,HLA-A*02:01,391,0.1,0.1,0.3568042346006497,0.1,0.3665303993095137,0.1,2,0.01,2.2387211385683377e-7,0.1,10.3,0.02
813,FLYDMIHEL,1,9,9,HLA-A*02:01,813,0.1,0.1,1.2984642592503597,0.1,1.4031690603347708,0.1,2.31,0.01,2.2908676527677748e-7,0.1,9.72,0.01
975,YLMAWIPEV,1,9,9,HLA-A*02:01,975,0.1,0.1,0.18257024568901487,0.1,0.1954834522087754,0.1,1.71,0.01,2.344228815319918e-7,0.1,9.42,0.01
601,FLMETPYEV,1,9,9,HLA-A*02:01,601,0.1,0.1,0.28604212780317195,0.1,0.30556949749546286,0.1,2.02,0.01,2.39883291901949e-7,0.1,9.6,0.01
695,FLDEHIIEV,1,9,9,HLA-A*02:01,695,0.1,0.1,0.8422286292814889,0.1,0.8533162183009433,0.1,2.14,0.01,2.39883291901949e-7,0.1,14.1,0.16
928,FMMDWTIHV,1,9,9,HLA-A*02:01,928,0.1,0.1,0.18811784716357702,0.1,0.2138503670446363,0.1,1.82,0.01,2.570395782768865e-7,0.1,9.25,0.01
899,FLDEEVYYV,1,9,9,HLA-A*02:01,899,0.1,0.1,0.4993786833872958,0.1,0.553490281895157,0.1,1.86,0.01,2.570395782768865e-7,0.1,12.77,0.11
929,FMMDNTIHV,1,9,9,HLA-A*02:01,929,0.1,0.1,0.6861672724006299,0.1,0.7262898920109352,0.1,2.25,0.01,2.570395782768865e-7,0.1,9.53,0.01
441,FLMDWVHTV,1,9,9,HLA-A*02:01,441,0.1,0.1,0.14171962679828978,0.1,0.15707606030477467,0.1,1.77,0.01,2.6302679918953816e-7,0.1,9.03,0.01
166,FLMQWIHEV,1,9,9,HLA-A*02:01,166,0.1,0.1,0.2900213701799824,0.1,0.29792709366058523,0.1,1.91,0.01,2.6302679918953816e-7,0.1,9.31,0.01
442,FLMDFVHTV,1,9,9,HLA-A*02:01,442,0.1,0.1,0.22512825236291378,0.1,0.23994405828333037,0.1,1.83,0.01,2.691534803926914e-7,0.1,9.07,0.01
338,FLMKPIPTV,1,9,9,HLA-A*02:01,338,0.1,0.1,2.4012092074963043,0.2,2.2392882434360217,0.2,2.64,0.02,2.818382931264449e-7,0.1,10.27,0.02
333,FLMDTIHAV,1,9,9,HLA-A*02:01,333,0.1,0.1,0.40218882559450264,0.1,0.4227756831740244,0.1,2,0.01,2.818382931264455e-7,0.1,9.46,0.01
173,FLMEIVNEV,1,9,9,HLA-A*02:01,173,0.1,0.1,0.45965289526649866,0.1,0.4921641773846842,0.1,1.98,0.01,2.818382931264455e-7,0.1,10.16,0.02
390,FLWDPVYAV,1,9,9,HLA-A*02:01,390,0.1,0.1,0.4192084228243735,0.1,0.4316283877038501,0.1,2.06,0.01,2.8840315031266057e-7,0.1,10.37,0.02
337,FLMFPIPTV,1,9,9,HLA-A*02:01,337,0.1,0.1,1.9789280300178689,0.1,1.9015598543042311,0.1,2.42,0.01,2.8840315031266115e-7,0.1,10.64,0.03
971,FLDAWIWGV,1,9,9,HLA-A*02:01,971,0.1,0.1,0.3551648680554515,0.1,0.37679922424898404,0.1,1.88,0.01,3.019951720402013e-7,0.1,11.39,0.06
362,FLDEWIPTV,1,9,9,HLA-A*02:01,362,0.1,0.1,0.47690294025201324,0.1,0.5141738672899524,0.1,1.93,0.01,3.090295432513592e-7,0.1,12.01,0.09
974,YLMAWIPGV,1,9,9,HLA-A*02:01,974,0.1,0.1,0.26633607791310887,0.1,0.2871507797940092,0.1,1.73,0.01,3.162277660168373e-7,0.1,9.52,0.01
361,FLDEWIPMV,1,9,9,HLA-A*02:01,361,0.1,0.1,0.5253273355234734,0.1,0.5663827267588134,0.1,1.91,0.01,3.162277660168379e-7,0.1,13.38,0.14
881,FLMDWIPTL,1,9,9,HLA-A*02:01,881,0.1,0.1,0.30021334951141937,0.1,0.33815047358658307,0.1,1.9,0.01,3.235936569296281e-7,0.1,9.47,0.01
931,FMMDETINV,1,9,9,HLA-A*02:01,931,0.1,0.1,1.1283140601311126,0.1,1.1779042804730615,0.1,2.38,0.01,3.3884415613920274e-7,0.1,9.75,0.01
324,FLMWTVWAV,1,9,9,HLA-A*02:01,324,0.1,0.1,0.2808212705878235,0.1,0.3119679650098331,0.1,1.97,0.01,3.4673685045253164e-7,0.1,10.29,0.02
334,FLMDPIHAV,1,9,9,HLA-A*02:01,334,0.1,0.1,0.7593290234256186,0.1,0.7570246132351788,0.1,2.24,0.01,3.4673685045253164e-7,0.1,9.92,0.01
884,FLMEWIPEL,1,9,9,HLA-A*02:01,884,0.1,0.1,0.22564722658267192,0.1,0.2512522733636642,0.1,1.8,0.01,3.548133892335753e-7,0.1,9.47,0.01
930,FMMDETIHV,1,9,9,HLA-A*02:01,930,0.1,0.1,0.8698212231492467,0.1,0.9249324151871845,0.1,2.29,0.01,3.548133892335753e-7,0.1,9.6,0.01
177,FLMTWVFEV,1,9,9,HLA-A*02:01,177,0.1,0.1,0.09515464645826978,0.1,0.10354043852073025,0.1,1.68,0.01,3.63078054770101e-7,0.1,9.49,0.01
115,YLMSPVIEV,1,9,9,HLA-A*02:01,115,0.1,0.1,1.450207009713336,0.1,1.3999418610498333,0.1,2.26,0.01,3.63078054770101e-7,0.1,10.43,0.03
927,FMMDWIIHV,1,9,9,HLA-A*02:01,927,0.1,0.1,0.1112833010856577,0.1,0.12767621517455316,0.1,1.72,0.01,3.71535229097172e-7,0.1,9.11,0.01
394,FLDDPIYHV,1,9,9,HLA-A*02:01,394,0.1,0.1,1.4204632427837094,0.1,1.435853066425741,0.1,2.91,0.02,3.71535229097172e-7,0.1,14.49,0.18
178,FLMHWVFEV,1,9,9,HLA-A*02:01,178,0.1,0.1,0.10361675804891356,0.1,0.11018183475571916,0.1,1.69,0.01,3.8018939632056046e-7,0.1,9.4,0.01
321,FLMGWVWQV,1,9,9,HLA-A*02:01,321,0.1,0.1,0.16688987908280553,0.1,0.18201618187522994,0.1,1.69,0.01,3.8018939632056126e-7,0.1,9.2,0.01
692,YLMEFIIEV,1,9,9,HLA-A*02:01,692,0.1,0.1,0.1477168370989716,0.1,0.16036515191039308,0.1,1.74,0.01,3.890451449942805e-7,0.1,9.26,0.01
323,FLMWTVWQV,1,9,9,HLA-A*02:01,323,0.1,0.1,0.40034093579501595,0.1,0.44372101729361,0.1,2.04,0.01,4.073802778041122e-7,0.1,9.91,0.01
932,FMMDDTINV,1,9,9,HLA-A*02:01,932,0.1,0.1,0.6845891314670554,0.1,0.7048715793062628,0.1,2.46,0.01,4.0738027780411303e-7,0.1,9.75,0.01
340,FLMKHIFTV,1,9,9,HLA-A*02:01,340,0.1,0.1,0.41155700680448054,0.1,0.40374764298134086,0.1,1.95,0.01,4.3651583224016477e-7,0.1,9.45,0.01
341,FLMKSIFTV,1,9,9,HLA-A*02:01,341,0.1,0.1,0.5121887085450716,0.1,0.5001612019449672,0.1,2.01,0.01,4.3651583224016477e-7,0.1,9.63,0.01
690,YLMEFIYEV,1,9,9,HLA-A*02:01,690,0.1,0.1,0.07575826151340558,0.1,0.08338923697689353,0.1,1.66,0.01,4.3651583224016567e-7,0.1,9.26,0.01
925,FMMDWVIQV,1,9,9,HLA-A*02:01,925,0.1,0.1,0.17275475103062915,0.1,0.19911776092694702,0.1,1.76,0.01,4.466835921509626e-7,0.1,9.18,0.01
933,FMMDDTPNV,1,9,9,HLA-A*02:01,933,0.1,0.1,0.7135591837013359,0.1,0.7212901475619665,0.1,4.39,0.02,4.466835921509635e-7,0.1,9.64,0.01
158,FIMDWIIQV,1,9,9,HLA-A*02:01,158,0.1,0.1,0.7878254387594207,0.1,0.9377995067952114,0.1,2.02,0.01,4.7097732639695197e-7,0.1,9.51,0.01
163,FIMDWIQEV,1,9,9,HLA-A*02:01,163,0.1,0.1,1.0701138870303455,0.1,1.2362605192476628,0.1,2.25,0.01,4.7097732639695197e-7,0.1,10.01,0.01
926,FMMDWVIHV,1,9,9,HLA-A*02:01,926,0.1,0.1,0.1307464783511387,0.1,0.15035227366608173,0.1,1.74,0.01,4.78630092322638e-7,0.1,9.14,0.01
359,FLMEWITMV,1,9,9,HLA-A*02:01,359,0.1,0.1,0.21748534608063344,0.1,0.2427224795311567,0.1,1.8,0.01,4.78630092322638e-7,0.1,9.47,0.01
159,FIMDWIIHV,1,9,9,HLA-A*02:01,159,0.1,0.1,0.5962522075874617,0.1,0.7081251186895416,0.1,1.97,0.01,5.046612975635276e-7,0.1,9.37,0.01
322,FLMGTVWQV,1,9,9,HLA-A*02:01,322,0.1,0.1,0.5800026796015897,0.1,0.5958130345423072,0.1,1.96,0.01,5.128613839913638e-7,0.1,9.3,0.01
339,FLMKPIFTV,1,9,9,HLA-A*02:01,339,0.1,0.1,0.9827204644097143,0.1,0.9334907094535445,0.1,2.27,0.01,5.128613839913638e-7,0.1,9.84,0.01
407,YLMDEIPTV,1,9,9,HLA-A*02:01,407,0.1,0.1,0.5962522075874613,0.1,0.6253310592962439,0.1,2.09,0.01,5.248074602497713e-7,0.1,9.4,0.01
364,FLDEPIYTV,1,9,9,HLA-A*02:01,364,0.1,0.1,1.5396783392310966,0.1,1.5314753113062662,0.1,2.52,0.01,5.248074602497734e-7,0.1,13.39,0.14
582,FAMDWIQEV,1,9,9,HLA-A*02:01,582,0.1,0.1,5.08662826276103,0.2,5.769125678191345,0.2,4,0.02,5.348105920748271e-7,0.1,11.55,0.08
880,FLMDPIPTL,1,9,9,HLA-A*02:01,880,0.1,0.1,1.969835681628573,0.1,1.9820289791758932,0.1,2.68,0.02,5.370317963702533e-7,0.1,10.28,0.02
509,FLMDHPHEV,1,9,9,HLA-A*02:01,509,0.1,0.1,0.4430268012506406,0.1,0.44372101729361024,0.1,3.16,0.02,5.62341325190349e-7,0.1,9.58,0.01
369,FLDEWIQTV,1,9,9,HLA-A*02:01,369,0.1,0.1,1.2689076042202663,0.1,1.3617895587853825,0.1,2.26,0.01,5.62341325190349e-7,0.1,13.39,0.14
471,YLMDHVIRV,1,9,9,HLA-A*02:01,471,0.1,0.1,0.5412899952119625,0.1,0.5611900987081043,0.1,1.96,0.01,5.754399373371567e-7,0.1,9.42,0.01
689,YLMEEIYEV,1,9,9,HLA-A*02:01,689,0.1,0.1,0.2205108686220363,0.1,0.23610761811219402,0.1,1.75,0.01,5.888436553555884e-7,0.1,9.43,0.01
970,FLDAWIHGV,1,9,9,HLA-A*02:01,970,0.1,0.1,0.9493579684442809,0.1,0.9729936366401493,0.1,2.22,0.01,5.888436553555884e-7,0.1,11.77,0.08
328,FLKDTIIAV,1,9,9,HLA-A*02:01,328,0.1,0.1,9.827204644097147,0.3,10.668663075619875,0.3,6.1,0.04,5.942921586155727e-7,0.1,12.6,0.1
162,FIMDWIQSV,1,9,9,HLA-A*02:01,162,0.1,0.1,1.3849369424725537,0.1,1.599963222959126,0.1,2.27,0.01,6.067363295885046e-7,0.1,9.62,0.01
355,FLMKDIWMV,1,9,9,HLA-A*02:01,355,0.1,0.1,0.4575409820495868,0.1,0.4457691404515537,0.1,1.88,0.01,6.165950018614822e-7,0.1,10.16,0.02
808,FLDDWIIEL,1,9,9,HLA-A*02:01,808,0.1,0.1,0.7352414789995061,0.1,0.8130364194963077,0.1,2.26,0.01,6.165950018614822e-7,0.1,16.94,0.3
795,YLYDWIWEV,1,9,9,HLA-A*02:01,795,0.1,0.1,0.07593290234256189,0.1,0.08691805512482473,0.1,1.63,0.01,6.45654229034655e-7,0.1,9.2,0.01
796,YLYDNIWEV,1,9,9,HLA-A*02:01,796,0.1,0.1,0.2769682583096617,0.1,0.2951956816479675,0.1,1.71,0.01,6.45654229034655e-7,0.1,9.24,0.01
511,FLADHIHEV,1,9,9,HLA-A*02:01,511,0.1,0.1,0.7558402234701048,0.1,0.7500841698635078,0.1,2.32,0.01,6.45654229034655e-7,0.1,9.62,0.01
370,FLDEWIWTV,1,9,9,HLA-A*02:01,370,0.1,0.1,0.19294343230559058,0.1,0.21043113614301703,0.1,1.75,0.01,6.606934480075964e-7,0.1,11.43,0.07
157,FIMDHIIQV,1,9,9,HLA-A*02:01,157,0.1,0.1,2.1648609168323407,0.2,2.377442379343357,0.2,2.34,0.01,6.652731562017406e-7,0.1,9.69,0.01
406,YLMDEIPHV,1,9,9,HLA-A*02:01,406,0.1,0.1,0.6172058020494269,0.1,0.6502943788814114,0.1,2.1,0.01,6.760829753919805e-7,0.1,9.38,0.01
383,YLMDHIWEV,1,9,9,HLA-A*02:01,383,0.1,0.1,0.09603510156161524,0.1,0.10048702759733763,0.1,1.67,0.01,6.918309709189348e-7,0.1,9.02,0.01
951,FMMAWIQQV,1,9,9,HLA-A*02:01,951,0.1,0.1,0.861846654241974,0.1,0.9249324151871839,0.1,1.97,0.01,7.079457843841374e-7,0.1,9.53,0.01
810,FLDDGIIEL,1,9,9,HLA-A*02:01,810,0.1,0.1,1.8898615969370713,0.1,1.9458528733119345,0.1,2.68,0.02,7.079457843841374e-7,0.1,18.57,0.36
817,FLYDWVWEL,1,9,9,HLA-A*02:01,817,0.1,0.1,0.2076968930753113,0.1,0.2393922022631213,0.1,1.77,0.01,7.079457843841387e-7,0.1,9.58,0.01
320,FLMGWVHQV,1,9,9,HLA-A*02:01,320,0.1,0.1,0.4460977163293842,0.1,0.47001314050771253,0.1,1.96,0.01,7.413102413009177e-7,0.2,9.18,0.01
130,YLMDSVFEV,1,9,9,HLA-A*02:01,130,0.1,0.1,0.14204632427837086,0.1,0.14931725589436204,0.1,1.7,0.01,7.585775750291821e-7,0.2,9.13,0.01
966,FLDAWVHGV,1,9,9,HLA-A*02:01,966,0.1,0.1,1.1153983558875449,0.1,1.1458031187051736,0.1,2.33,0.01,7.585775750291836e-7,0.2,12.08,0.09
445,FMMDFIHEV,1,9,9,HLA-A*02:01,445,0.1,0.1,0.1289525694162532,0.1,0.13586575297130615,0.1,1.8,0.01,8.128305161640995e-7,0.2,9.12,0.01
794,YLYDWVWEV,1,9,9,HLA-A*02:01,794,0.1,0.1,0.08921338130173802,0.1,0.10235522092180444,0.1,1.65,0.01,8.317637711026692e-7,0.2,9.24,0.01
371,FLDEWIWHV,1,9,9,HLA-A*02:01,371,0.1,0.1,0.19972388256335832,0.1,0.21883158199344363,0.1,1.8,0.01,8.511380382023759e-7,0.2,11.66,0.08
750,FLMEEVHHV,1,9,9,HLA-A*02:01,750,0.1,0.1,0.7610794576040735,0.1,0.783628098373855,0.1,2.05,0.01,8.511380382023759e-7,0.2,9.58,0.01
379,ILMEWIWEV,1,9,9,HLA-A*02:01,379,0.1,0.1,0.14074403574960712,0.1,0.16184899239169018,0.1,1.68,0.01,8.709635899560796e-7,0.2,9.52,0.01
380,ILMENIWEV,1,9,9,HLA-A*02:01,380,0.1,0.1,0.5133694254590804,0.1,0.5496800815951072,0.1,1.81,0.01,8.709635899560796e-7,0.2,9.81,0.01
381,YLMENIWEV,1,9,9,HLA-A*02:01,381,0.1,0.1,0.14303094235988445,0.1,0.14931725589436204,0.1,1.64,0.01,8.912509381337441e-7,0.2,9.37,0.01
131,YLMDPVFEV,1,9,9,HLA-A*02:01,131,0.1,0.1,0.2725398421200253,0.1,0.27868269389240075,0.1,1.87,0.01,8.912509381337441e-7,0.2,9.54,0.01
950,FMMAWVQQV,1,9,9,HLA-A*02:01,950,0.1,0.1,1.0125815268017095,0.1,1.0892059372274552,0.1,2.04,0.01,9.120108393559078e-7,0.2,9.56,0.01
372,FLDEIIWHV,1,9,9,HLA-A*02:01,372,0.1,0.1,0.40126381696435254,0.1,0.4160159674889906,0.1,1.92,0.01,9.120108393559096e-7,0.2,12.09,0.09
440,FLDDWVHTV,1,9,9,HLA-A*02:01,440,0.1,0.1,0.540045062769485,0.1,0.5769125678191354,0.1,2.11,0.01,9.120108393559115e-7,0.2,12.46,0.1
521,YLDDWVIEV,1,9,9,HLA-A*02:01,521,0.1,0.1,0.37104791881441795,0.1,0.4093643321831294,0.1,2.04,0.01,9.332543007969905e-7,0.2,14.75,0.2
883,FLMRWIPEL,1,9,9,HLA-A*02:01,883,0.1,0.1,0.9537400057257444,0.1,0.9530375229554169,0.1,2.22,0.01,9.332543007969905e-7,0.2,10.28,0.02
865,FLMDHISSL,1,9,9,HLA-A*02:01,865,0.1,0.1,1.5361371773170691,0.1,1.5707606030477475,0.1,2.47,0.01,9.549925860214369e-7,0.2,9.73,0.01
603,FLMETPHEV,1,9,9,HLA-A*02:01,603,0.1,0.1,0.6286805146245799,0.1,0.6354918716212552,0.1,2.53,0.01,9.77237220955811e-7,0.2,9.89,0.01
330,FLDDTIHAV,1,9,9,HLA-A*02:01,330,0.1,0.1,1.532604159849437,0.1,1.5527802551080505,0.1,2.5,0.01,9.77237220955811e-7,0.2,13.72,0.15
784,FMMDWVWQV,1,9,9,HLA-A*02:01,784,0.1,0.1,0.0728500744602916,0.1,0.08338923697689349,0.1,1.65,0.01,0.0000010471285480508985,0.2,9.1,0.01
111,YMMSWIIEV,1,9,9,HLA-A*02:01,111,0.1,0.1,0.18898615969370713,0.1,0.20188776490622584,0.1,1.71,0.01,0.000001096478196143185,0.2,9.32,0.01
973,YLDAWIPGV,1,9,9,HLA-A*02:01,973,0.1,0.1,1.0149157682942678,0.1,1.0546539899256255,0.1,2.19,0.01,0.000001096478196143185,0.2,11.67,0.08
117,YLMMWVIEV,1,9,9,HLA-A*02:01,117,0.1,0.1,0.2491322785101265,0.1,0.26491710472316227,0.1,1.98,0.01,0.0000011220184543019607,0.2,10.8,0.03
602,FLMETPVEV,1,9,9,HLA-A*02:01,602,0.1,0.1,0.7860134905313044,0.1,0.8281518950732933,0.1,2.24,0.01,0.000001122018454301963,0.2,10.38,0.02
904,YLMDYVHYV,1,9,9,HLA-A*02:01,904,0.1,0.1,0.06659321770624615,0.1,0.07535464010827414,0.1,1.68,0.01,0.0000011481536214968793,0.2,9.03,0.01
132,YLMDPVFSV,1,9,9,HLA-A*02:01,132,0.1,0.1,0.3527199303011726,0.1,0.36066998351962454,0.1,1.86,0.01,0.0000011481536214968817,0.2,9.41,0.01
793,YLYDEVWEV,1,9,9,HLA-A*02:01,793,0.1,0.1,0.4125057436877925,0.1,0.4427004872732429,0.1,1.78,0.01,0.0000011481536214968817,0.2,9.61,0.01
924,FMWDWVIQV,1,9,9,HLA-A*02:01,924,0.1,0.1,0.17841443952635289,0.1,0.20049797930820537,0.1,1.82,0.01,0.0000011748975549395279,0.2,9.7,0.01
439,FLDDWVHHV,1,9,9,HLA-A*02:01,439,0.1,0.1,0.5590234163796871,0.1,0.5999430131953438,0.1,2.26,0.01,0.0000011748975549395304,0.2,13.06,0.13
807,FLDDWLIEL,1,9,9,HLA-A*02:01,807,0.1,0.1,0.777016068506824,0.1,0.8533162183009428,0.1,2.22,0.01,0.0000011748975549395304,0.2,16.68,0.26
404,YLMDEIQHV,1,9,9,HLA-A*02:01,404,0.1,0.1,1.6422149445661336,0.1,1.7223047526025765,0.1,2.23,0.01,0.0000012302687708123786,0.2,10.2,0.02
885,FLDEWIPEL,1,9,9,HLA-A*02:01,885,0.1,0.1,0.8598644619424713,0.1,0.9228051296638026,0.1,2.23,0.01,0.0000012302687708123811,0.2,14.9,0.2
866,FLMDHVSSL,1,9,9,HLA-A*02:01,866,0.1,0.1,1.8048038136815352,0.1,1.8497370691201729,0.1,2.61,0.02,0.0000012302687708123811,0.2,9.84,0.01
382,YLMEHIWEV,1,9,9,HLA-A*02:01,382,0.1,0.1,0.10775315621289552,0.1,0.11145768027154473,0.1,1.64,0.01,0.0000012589254117941661,0.2,9.03,0.01
797,YLYDNIHEV,1,9,9,HLA-A*02:01,797,0.1,0.1,0.7403379294580409,0.1,0.76227205716679,0.1,2.12,0.01,0.0000012589254117941661,0.2,9.44,0.01
905,YLMDEVHYV,1,9,9,HLA-A*02:01,905,0.1,0.1,0.2967768357168383,0.1,0.3236756285226215,0.1,1.83,0.01,0.0000012882495516931322,0.2,9.25,0.01
352,FLDKFIWTV,1,9,9,HLA-A*02:01,352,0.1,0.1,0.8962517155985329,0.1,0.877222979869017,0.1,2.19,0.01,0.0000012882495516931322,0.2,11.22,0.05
748,FLDEEVFHV,1,9,9,HLA-A*02:01,748,0.1,0.1,1.0975643695410549,0.1,1.1352983325708463,0.1,2.19,0.01,0.000001288249551693135,0.2,13.35,0.14
353,FLDKFIWMV,1,9,9,HLA-A*02:01,353,0.1,0.1,0.9872564959757166,0.1,0.9662955955587796,0.1,2.34,0.01,0.0000013182567385564074,0.2,12.29,0.09
789,YLMDDVWSV,1,9,9,HLA-A*02:01,789,0.1,0.1,0.14908364416425665,0.1,0.15635436136360792,0.1,1.7,0.01,0.0000013489628825916533,0.2,9.26,0.01
358,FLMCWITMV,1,9,9,HLA-A*02:01,358,0.1,0.1,0.3762097095398376,0.1,0.4376329367000989,0.1,1.97,0.01,0.0000013489628825916533,0.2,10.17,0.02
693,YLDEFIIEV,1,9,9,HLA-A*02:01,693,0.1,0.1,0.5628983815824343,0.1,0.5889928191337401,0.1,2.04,0.01,0.0000013489628825916533,0.2,13.12,0.13
444,FMMDFIHTV,1,9,9,HLA-A*02:01,444,0.1,0.1,0.1924996747254302,0.1,0.20281963648880671,0.1,1.8,0.01,0.000001348962882591656,0.2,9.1,0.01
161,FIMDWIHSV,1,9,9,HLA-A*02:01,161,0.1,0.1,0.5628983815824354,0.1,0.6384251688242834,0.1,2.1,0.01,0.0000013899526312133526,0.2,9.26,0.01
112,YMMSWVIEV,1,9,9,HLA-A*02:01,112,0.1,0.1,0.2220393769415479,0.1,0.23774423793433594,0.1,1.73,0.01,0.0000014125375446227554,0.2,9.35,0.01
861,FLMDEIHSL,1,9,9,HLA-A*02:01,861,0.1,0.1,1.3014575285035765,0.1,1.340016049554371,0.1,2.32,0.01,0.000001445439770745928,0.2,9.87,0.01
513,FLADNPHEV,1,9,9,HLA-A*02:01,513,0.1,0.1,2.0018429366250956,0.1,1.9683847876549407,0.1,4.82,0.02,0.000001479108388168207,0.2,11.49,0.07
356,FLMKDITMV,1,9,9,HLA-A*02:01,356,0.1,0.1,1.7841443952635248,0.1,1.7143914810708845,0.1,2.57,0.02,0.0000015135612484362072,0.2,10.44,0.03
342,FLDKSIFTV,1,9,9,HLA-A*02:01,342,0.1,0.1,1.9517761195472094,0.1,1.8370035687023443,0.1,2.55,0.02,0.0000015135612484362072,0.2,12.18,0.09
818,FLYDWVWHL,1,9,9,HLA-A*02:01,818,0.1,0.1,0.3209445461029601,0.1,0.37162934507852735,0.1,1.83,0.01,0.0000015135612484362104,0.2,9.5,0.01
119,YLMMEVIEV,1,9,9,HLA-A*02:01,119,0.1,0.1,1.1519403740103729,0.1,1.1458031187051747,0.1,2.35,0.01,0.0000015488166189124796,0.2,12.06,0.09
882,FLMRWIPTL,1,9,9,HLA-A*02:01,882,0.1,0.1,1.4237377487392309,0.1,1.4226890863868604,0.1,2.33,0.01,0.0000015488166189124796,0.2,10.58,0.03
525,YLDDDIISV,1,9,9,HLA-A*02:01,525,0.1,0.1,1.1466476887558688,0.1,1.1644209216713013,0.1,2.46,0.01,0.0000015488166189124828,0.2,16.23,0.24
473,YLDDHIIRV,1,9,9,HLA-A*02:01,473,0.1,0.1,1.7556178992207896,0.1,1.7502899535573557,0.1,2.58,0.02,0.0000015488166189124828,0.2,14.29,0.17
118,YLMMSVIEV,1,9,9,HLA-A*02:01,118,0.1,0.1,0.8519811771706312,0.1,0.8319744705396076,0.1,2.38,0.01,0.000001584893192461111,0.2,11.43,0.07
403,YLMDEVQHV,1,9,9,HLA-A*02:01,403,0.1,0.1,1.9294343230559048,0.1,2.0281963648880703,0.1,2.34,0.01,0.000001584893192461111,0.2,10.42,0.02
360,FLDEWITMV,1,9,9,HLA-A*02:01,360,0.1,0.1,0.8287623248029625,0.1,0.8914767066480249,0.1,2.15,0.01,0.0000016595869074375596,0.2,13.8,0.15
468,YLMDHVERV,1,9,9,HLA-A*02:01,468,0.1,0.1,1.4270198032105665,0.1,1.455827772293984,0.1,2.43,0.01,0.0000016595869074375596,0.2,10.03,0.01
113,YMMSLVIEV,1,9,9,HLA-A*02:01,113,0.1,0.1,0.4948003520986234,0.1,0.4921641773846847,0.1,1.89,0.01,0.000001659586907437563,0.2,9.82,0.01
127,YLMDEVHEV,1,9,9,HLA-A*02:01,127,0.1,0.1,0.5074929342398279,0.1,0.5213267382935435,0.1,2.17,0.01,0.0000016982436524617425,0.2,9.83,0.01
507,YLMDHVHEV,1,9,9,HLA-A*02:01,507,0.1,0.1,0.3015990713715381,0.1,0.30556949749546297,0.1,2.12,0.01,0.0000017378008287493727,0.2,9.22,0.01
128,YLMDSVHEV,1,9,9,HLA-A*02:01,128,0.1,0.1,0.37534445121856014,0.1,0.3785384504451797,0.1,2.05,0.01,0.0000017378008287493727,0.2,9.39,0.01
798,YLYDHIHEV,1,9,9,HLA-A*02:01,798,0.1,0.1,0.5577376982003152,0.1,0.5689970306428379,0.1,2.09,0.01,0.000001778279410038919,0.2,9.11,0.01
691,YLMEFIHEV,1,9,9,HLA-A*02:01,691,0.1,0.1,0.16650604301225302,0.1,0.17342431988095044,0.1,1.75,0.01,0.000001778279410038923,0.2,9.07,0.01
384,YLWDHIWEV,1,9,9,HLA-A*02:01,384,0.1,0.1,0.09918134649121228,0.1,0.1011835703965445,0.1,1.65,0.01,0.0000018197008586099826,0.2,9.33,0.01
378,ILMEWIWHV,1,9,9,HLA-A*02:01,378,0.1,0.1,0.21748534608063366,0.1,0.25125227336366435,0.1,1.74,0.01,0.0000018620871366628656,0.2,9.5,0.01
400,YLMDWINHV,1,9,9,HLA-A*02:01,400,0.1,0.1,0.3100487608697508,0.1,0.3524601323768957,0.1,1.82,0.01,0.0000018620871366628656,0.2,9.13,0.01
600,YLMETPYEV,1,9,9,HLA-A*02:01,600,0.1,0.1,0.3306968057359238,0.1,0.350033813892062,0.1,2.04,0.01,0.0000018620871366628656,0.2,9.48,0.01
694,YLDEHIIEV,1,9,9,HLA-A*02:01,694,0.1,0.1,0.9737108290369995,0.1,0.9774847712090947,0.1,2.15,0.01,0.0000018620871366628656,0.2,13.93,0.15
116,YLMMPVIEV,1,9,9,HLA-A*02:01,116,0.1,0.1,1.634669652276766,0.1,1.5527802551080505,0.1,2.74,0.02,0.0000018620871366628656,0.2,12.49,0.1
860,FLMDEVHSL,1,9,9,HLA-A*02:01,860,0.1,0.1,1.5290792680964944,0.1,1.5780109045689814,0.1,2.41,0.01,0.0000018620871366628694,0.2,10.05,0.01
522,YLDDWVIHV,1,9,9,HLA-A*02:01,522,0.1,0.1,0.5733634438294684,0.1,0.6354918716212555,0.1,2.19,0.01,0.0000019952623149688787,0.2,13.86,0.15
524,YLDDDVISV,1,9,9,HLA-A*02:01,524,0.1,0.1,1.347193565896333,0.1,1.3712290330527284,0.1,2.58,0.02,0.0000019952623149688787,0.2,16.93,0.3
512,FLADHPHEV,1,9,9,HLA-A*02:01,512,0.1,0.1,1.5080995140275577,0.1,1.4692983808182944,0.1,4.79,0.02,0.0000020892961308540364,0.2,10.5,0.03
835,FLMTYIPTL,1,9,9,HLA-A*02:01,835,0.1,0.1,0.8249545078057154,0.1,0.8493955864106763,0.1,2.11,0.01,0.0000020892961308540407,0.2,10.09,0.01
604,FLMETPHHV,1,9,9,HLA-A*02:01,604,0.1,0.1,0.971471356274927,0.1,0.9865293264387859,0.1,2.6,0.02,0.0000020892961308540407,0.2,9.54,0.01
385,YLWDDIWEV,1,9,9,HLA-A*02:01,385,0.1,0.1,0.10125815268017083,0.1,0.10330230212034781,0.1,1.69,0.01,0.0000021379620895022326,0.2,10.02,0.01
354,FLDKDIWMV,1,9,9,HLA-A*02:01,354,0.1,0.1,1.743532310611213,0.1,1.6372311539610043,0.1,2.45,0.01,0.0000021379620895022326,0.2,14.7,0.19
129,YLMDSVTEV,1,9,9,HLA-A*02:01,129,0.1,0.1,0.5475578379528603,0.1,0.5637804345100526,0.1,2.06,0.01,0.0000021877616239495475,0.2,9.62,0.01
771,FMDEWIIQV,1,9,9,HLA-A*02:01,771,0.1,0.1,0.6286805146245805,0.1,0.6888267432919855,0.1,2.11,0.01,0.0000021877616239495517,0.2,12.45,0.1
397,YLMDPISHV,1,9,9,HLA-A*02:01,397,0.1,0.1,1.8811784716357678,0.1,1.8625588339462222,0.1,2.61,0.02,0.0000021877616239495517,0.2,9.83,0.01
790,YLMDDVWHV,1,9,9,HLA-A*02:01,790,0.1,0.1,0.17800409770230702,0.1,0.18754694750001388,0.1,1.72,0.01,0.0000022387211385683376,0.2,9.24,0.01
357,FLMCDITMV,1,9,9,HLA-A*02:01,357,0.1,0.1,1.055431374067104,0.1,1.1326872188635715,0.1,2.31,0.01,0.0000022387211385683376,0.2,10.53,0.03
389,YLWDPVYAV,1,9,9,HLA-A*02:01,389,0.1,0.1,0.48465198965729955,0.1,0.4944359040100318,0.1,2.05,0.01,0.0000022387211385683422,0.2,10.39,0.02
160,FIMDWIHHV,1,9,9,HLA-A*02:01,160,0.1,0.1,0.6720939716316192,0.1,0.7657905451177524,0.1,2.1,0.01,0.000002306747188720067,0.2,9.21,0.01
972,YLDAWIWGV,1,9,9,HLA-A*02:01,972,0.1,0.1,0.4106104519554487,0.1,0.43162838770384987,0.1,1.9,0.01,0.000002344228815319918,0.2,11.33,0.06
114,YMMSPVIEV,1,9,9,HLA-A*02:01,114,0.1,0.1,1.456900861130432,0.1,1.393509712466182,0.1,2.28,0.01,0.0000023442288153199226,0.2,10.13,0.02
401,YLMDWVNHV,1,9,9,HLA-A*02:01,401,0.1,0.1,0.36427553105790117,0.1,0.4150591573149669,0.1,1.87,0.01,0.0000023988329190194897,0.2,9.18,0.01
780,FMDDEVYQV,1,9,9,HLA-A*02:01,780,0.1,0.1,1.5610973985185528,0.1,1.6447882696049398,0.1,2.65,0.02,0.0000023988329190194897,0.2,13.83,0.15
792,YLYDEVWHV,1,9,9,HLA-A*02:01,792,0.1,0.1,0.6374263317686566,0.1,0.6872424857450956,0.1,1.82,0.01,0.0000024547089156850284,0.2,9.34,0.01
399,YLMDEINHV,1,9,9,HLA-A*02:01,399,0.1,0.1,1.4336066273453048,0.1,1.5244388214143754,0.1,2.22,0.01,0.0000025703957827688596,0.2,10,0.01
319,FLDGWVHQV,1,9,9,HLA-A*02:01,319,0.1,0.1,1.6999259358713856,0.1,1.7262750751000207,0.1,2.7,0.02,0.0000025703957827688596,0.2,12.71,0.11
386,YLWDDVWEV,1,9,9,HLA-A*02:01,386,0.1,0.1,0.11896795600162624,0.1,0.12164940805537273,0.1,1.72,0.01,0.0000027542287033381634,0.2,10.19,0.02
387,YLWDPVWEV,1,9,9,HLA-A*02:01,387,0.1,0.1,0.2782466857037911,0.1,0.27549263947466524,0.1,1.88,0.01,0.0000027542287033381634,0.2,10.25,0.02
446,FMDDFIHEV,1,9,9,HLA-A*02:01,446,0.1,0.1,0.4913941704334719,0.1,0.49901086310205783,0.1,2.13,0.01,0.000002818382931264455,0.2,12.05,0.09
791,YLYDDVWHV,1,9,9,HLA-A*02:01,791,0.1,0.1,0.3867497129203795,0.1,0.41125387208794184,0.1,1.8,0.01,0.000002951209226666384,0.2,9.35,0.01
506,YLMDHVREV,1,9,9,HLA-A*02:01,506,0.1,0.1,1.2806486617239543,0.1,1.2945236825324578,0.1,2.63,0.02,0.000003221068791283428,0.2,10.39,0.02
747,FLDEEPFHV,1,9,9,HLA-A*02:01,747,0.1,0.1,1.8639317237412727,0.1,1.8884696083425059,0.1,2.87,0.02,0.000003235936569296281,0.2,15.16,0.2
523,YLDDDVIHV,1,9,9,HLA-A*02:01,523,0.1,0.1,1.6085330920910275,0.1,1.644788269604944,0.1,2.94,0.02,0.0000033113112148259077,0.2,16.45,0.25
402,YLMDEVNHV,1,9,9,HLA-A*02:01,402,0.1,0.1,1.684340921213103,0.1,1.7951882623645874,0.1,2.33,0.01,0.0000033113112148259077,0.2,10.24,0.02
934,YMMDDTPNV,1,9,9,HLA-A*02:01,934,0.1,0.1,0.8249545078057146,0.1,0.826247198569393,0.1,4.96,0.02,0.0000034673685045253236,0.3,9.61,0.01
405,YLMDEITHV,1,9,9,HLA-A*02:01,405,0.1,0.1,0.973710829037001,0.1,1.0235522092180447,0.1,2.1,0.01,0.0000035481338923357457,0.3,9.53,0.01
783,FMDDWVWQV,1,9,9,HLA-A*02:01,783,0.1,0.1,0.27760673608508674,0.1,0.30627390793653364,0.1,1.95,0.01,0.0000036307805477010103,0.3,11.87,0.08
449,FMDDWIHGV,1,9,9,HLA-A*02:01,449,0.1,0.1,0.45126328443106584,0.1,0.4798549730057689,0.1,2.44,0.01,0.0000037153522909717204,0.3,12.16,0.09
746,FLDEDPFHV,1,9,9,HLA-A*02:01,746,0.1,0.1,1.1309150926663556,0.1,1.1300821105511765,0.1,2.94,0.02,0.000003890451449942805,0.3,15.39,0.2
599,YLMETPYHV,1,9,9,HLA-A*02:01,599,0.1,0.1,0.5110107072046087,0.1,0.543387945732122,0.1,2.09,0.01,0.000003981071705534969,0.3,9.4,0.01
936,YMMDDIPTV,1,9,9,HLA-A*02:01,936,0.1,0.1,0.3634377205854626,0.1,0.37248603919566714,0.1,2.4,0.01,0.000004073802778041138,0.3,9.33,0.01
922,FMWDWIHQV,1,9,9,HLA-A*02:01,922,0.1,0.1,0.1711709259531442,0.1,0.1841238299278155,0.1,1.85,0.01,0.000004168693834703346,0.3,9.23,0.01
520,YLDDWVHEV,1,9,9,HLA-A*02:01,520,0.1,0.1,0.41824427020682925,0.1,0.44270048727324335,0.1,2.27,0.01,0.000004265795188015926,0.3,13.44,0.14
779,FMDDEVFQV,1,9,9,HLA-A*02:01,779,0.1,0.1,1.2984642592503604,0.1,1.3493045970659816,0.1,2.34,0.01,0.000004265795188015926,0.3,13.53,0.14
508,YLMDHPHEV,1,9,9,HLA-A*02:01,508,0.1,0.1,0.5121887085450711,0.1,0.5082881677012091,0.1,3.48,0.02,0.000004365158322401657,0.3,9.58,0.01
447,FMDDDIHEV,1,9,9,HLA-A*02:01,447,0.1,0.1,0.8678206898502141,0.1,0.8454929681876637,0.1,3.36,0.02,0.000004570881896148752,0.4,15.42,0.2
388,YLWDPVWAV,1,9,9,HLA-A*02:01,388,0.1,0.1,0.39850153627793855,0.1,0.3982080176444507,0.1,1.91,0.01,0.000004677351412871981,0.4,10.55,0.03
450,FMDDWVHGV,1,9,9,HLA-A*02:01,450,0.1,0.1,0.5301881295120405,0.1,0.5650800826352592,0.1,2.54,0.01,0.00000478630092322638,0.4,12.49,0.1
781,FMDDEVWQV,1,9,9,HLA-A*02:01,781,0.1,0.1,1.2836008617833738,0.1,1.3246770126769363,0.1,2.32,0.01,0.000005011872336272715,0.4,14.02,0.16
935,YMMDDIPNV,1,9,9,HLA-A*02:01,935,0.1,0.1,0.4880114367579726,0.1,0.49329873298696997,0.1,2.83,0.02,0.000005011872336272735,0.4,9.32,0.01
782,FMDDHVWQV,1,9,9,HLA-A*02:01,782,0.1,0.1,0.7628339269500498,0.1,0.7764437527843866,0.1,2.18,0.01,0.000005128613839913638,0.4,12.12,0.09
937,YMMDDVPTV,1,9,9,HLA-A*02:01,937,0.1,0.1,0.42700208928865574,0.1,0.43864178480992316,0.1,2.53,0.01,0.000005248074602497734,0.4,9.38,0.01
923,FMWDWVHQV,1,9,9,HLA-A*02:01,923,0.1,0.1,0.20110830237908436,0.1,0.2168253219905247,0.1,1.9,0.01,0.000005370317963702522,0.4,9.27,0.01
776,FMDDWIHQV,1,9,9,HLA-A*02:01,776,0.1,0.1,0.6315823720322015,0.1,0.6715989368922999,0.1,2.42,0.01,0.000005495408738576237,0.4,12.18,0.09
952,YMMAWIQQV,1,9,9,HLA-A*02:01,952,0.1,0.1,0.9963914678614466,0.1,1.0595220515593948,0.1,1.97,0.01,0.000005495408738576237,0.4,9.44,0.01
110,YMMSWIVEV,1,9,9,HLA-A*02:01,110,0.1,0.1,0.2663360779131091,0.1,0.284518165620773,0.1,1.73,0.01,0.000005754399373371567,0.4,9.36,0.01
376,ILDEWIWKV,1,9,9,HLA-A*02:01,376,0.1,0.1,1.2806486617239556,0.1,1.374390042433242,0.1,2.38,0.01,0.000005888436553555884,0.4,13.77,0.15
965,YLDAWVHGV,1,9,9,HLA-A*02:01,965,0.1,0.1,1.2895256941625293,0.1,1.3125323008254322,0.1,2.39,0.01,0.000005888436553555884,0.4,12.19,0.09
448,FMDDDIHGV,1,9,9,HLA-A*02:01,448,0.1,0.1,1.2659891977154825,0.1,1.2419668385339693,0.1,3.63,0.02,0.000006165950018614822,0.5,14.86,0.2
377,ILDEWIWHV,1,9,9,HLA-A*02:01,377,0.1,0.1,0.8287623248029629,0.1,0.9228051296638026,0.1,2.2,0.01,0.000006456542290346549,0.5,13.33,0.14
452,FMDDHVHGV,1,9,9,HLA-A*02:01,452,0.1,0.1,1.456900861130432,0.1,1.4325506960127694,0.1,3.27,0.02,0.000006760829753919819,0.5,13.08,0.13
373,ILDEIIWHV,1,9,9,HLA-A*02:01,373,0.1,0.1,1.6650604301225327,0.1,1.7543247886056592,0.1,2.51,0.01,0.000006918309709189377,0.5,13.44,0.14
607,YLMETPFHV,1,9,9,HLA-A*02:01,607,0.1,0.1,0.42504019289834816,0.1,0.4457691404515537,0.1,1.97,0.01,0.000007079457843841373,0.5,9.31,0.01
954,YMMAWVQQV,1,9,9,HLA-A*02:01,954,0.1,0.1,1.1706578993530226,0.1,1.2476994969933641,0.1,2.05,0.01,0.000007079457843841373,0.5,9.5,0.01
500,YMMDEINEV,1,9,9,HLA-A*02:01,500,0.1,0.1,0.9320302327098059,0.1,0.9774847712090937,0.1,2.46,0.01,0.000007762471166286928,0.5,10.28,0.02
501,YMMDHINEV,1,9,9,HLA-A*02:01,501,0.1,0.1,0.5538982588920845,0.1,0.5729411296369136,0.1,2.33,0.01,0.000007943282347242822,0.5,9.52,0.01
785,YMMDWVWQV,1,9,9,HLA-A*02:01,785,0.1,0.1,0.08422286292814901,0.1,0.09552345013430011,0.1,1.67,0.01,0.000008128305161640995,0.5,9.05,0.01
109,YMMSHIVEV,1,9,9,HLA-A*02:01,109,0.1,0.1,0.7318633512576562,0.1,0.7212901475619672,0.1,1.91,0.01,0.000008128305161640995,0.5,9.41,0.01
799,YLYDHIHEI,1,9,9,HLA-A*02:01,799,0.1,0.1,1.8299111357126874,0.1,1.901559854304234,0.1,2.47,0.01,0.000008317637711026692,0.6,9.34,0.01
349,YLDKFIFTV,1,9,9,HLA-A*02:01,349,0.1,0.1,1.048165835592998,0.1,1.0235522092180447,0.1,2.35,0.01,0.00000851138038202376,0.6,11.15,0.05
788,YMMDDVWSV,1,9,9,HLA-A*02:01,788,0.1,0.1,0.14977178299965782,0.1,0.15563597832787351,0.1,1.8,0.01,0.000008709635899560814,0.6,9.28,0.01
516,FMDDWPHEV,1,9,9,HLA-A*02:01,516,0.1,0.1,0.6172058020494271,0.1,0.6398968908333461,0.1,3.88,0.02,0.00000891250938133746,0.6,14.65,0.19
964,YLDAWVHHV,1,9,9,HLA-A*02:01,964,0.1,0.1,1.3659348952534889,0.1,1.3871071169208056,0.1,2.45,0.01,0.000009332543007969906,0.7,12.39,0.1
515,FMADWPHEV,1,9,9,HLA-A*02:01,515,0.1,0.1,0.5513533275627601,0.1,0.5769125678191348,0.1,3.46,0.02,0.000009549925860214369,0.7,9.81,0.01
108,YMMSDIVEV,1,9,9,HLA-A*02:01,108,0.1,0.1,0.7471881919775638,0.1,0.7363935908553509,0.1,2,0.01,0.000009549925860214369,0.7,9.88,0.01
514,FMADNPHEV,1,9,9,HLA-A*02:01,514,0.1,0.1,2.0110830237908446,0.1,1.95934088106406,0.1,6.37,0.04,0.000009549925860214369,0.7,11.15,0.05
499,YMMDEVNEV,1,9,9,HLA-A*02:01,499,0.1,0.1,1.0950400415404713,0.1,1.1510919056014484,0.1,2.6,0.02,0.00001,0.7,10.48,0.03
519,YLDDWPHEV,1,9,9,HLA-A*02:01,519,0.1,0.1,0.7102806770572424,0.1,0.7363935908553513,0.1,3.5,0.02,0.00001071519305237607,0.7,15.69,0.21
348,YLDKFVFTV,1,9,9,HLA-A*02:01,348,0.1,0.1,1.231487477409363,0.1,1.2053411957855877,0.1,2.5,0.01,0.000010964781961431874,0.8,11.31,0.06
126,YLMDEVHEL,1,9,9,HLA-A*02:01,126,0.1,0.1,1.3659348952534909,0.1,1.3967220841172825,0.1,2.42,0.01,0.00001122018454301963,0.8,10.55,0.03
820,YLYDWVWHL,1,9,9,HLA-A*02:01,820,0.1,0.1,0.3710479188144184,0.1,0.42570622420838183,0.1,1.83,0.01,0.000011748975549395279,0.8,9.45,0.01
125,YLMDEVVEL,1,9,9,HLA-A*02:01,125,0.1,0.1,1.7077724374801726,0.1,1.8201618187523003,0.1,2.14,0.01,0.000012882495516931323,0.8,11.46,0.07
786,YMMDDVWQV,1,9,9,HLA-A*02:01,786,0.1,0.1,0.23628165274322552,0.1,0.2472350273375779,0.1,1.84,0.01,0.00001348962882591656,0.9,9.31,0.01
857,YLMDNVHTL,1,9,9,HLA-A*02:01,857,0.1,0.1,1.608533092091029,0.1,1.6372311539610043,0.1,2.4,0.01,0.00001348962882591656,0.9,9.8,0.01
598,YLDETPYHV,1,9,9,HLA-A*02:01,598,0.1,0.1,1.9472871590395868,0.1,1.9957677477142215,0.1,3.05,0.02,0.000013803842646028839,0.9,14.69,0.19
142,YIMDWVHSV,1,9,9,HLA-A*02:01,142,0.1,0.1,0.7645924407655682,0.1,0.8612118560562682,0.1,2.21,0.01,0.000013899526312133554,0.9,9.13,0.01
938,YMMDDVSTV,1,9,9,HLA-A*02:01,938,0.1,0.1,0.9171280998915822,0.1,0.9270646046101574,0.1,2.62,0.02,0.000014125375446227555,0.9,9.67,0.01
787,YMMDDVWHV,1,9,9,HLA-A*02:01,787,0.1,0.1,0.1788257272859959,0.1,0.18668524754925614,0.1,1.79,0.01,0.00001445439770745928,0.9,9.21,0.01
859,YLMDEVHSL,1,9,9,HLA-A*02:01,859,0.1,0.1,1.7677872611284906,0.1,1.8076319129259448,0.1,2.45,0.01,0.00001445439770745928,0.9,10,0.01
939,YMMADVSTV,1,9,9,HLA-A*02:01,939,0.1,0.1,1.938340187247068,0.1,1.8711560149048871,0.1,2.59,0.02,0.00001445439770745928,0.9,10.2,0.02
625,YLMEWVFTT,1,9,9,HLA-A*02:01,625,0.1,0.1,1.2371717653355543,0.1,1.4128953636041082,0.1,2.14,0.01,0.00001566751070108147,1,10.72,0.03
143,YIMDWVVSV,1,9,9,HLA-A*02:01,143,0.1,0.1,0.9559386035033589,0.1,1.1223026800217724,0.1,2,0.01,0.000015958791472367336,1,9.24,0.01
502,YMMDHIREV,1,9,9,HLA-A*02:01,502,0.1,0.1,1.0950400415404702,0.1,1.094233483403681,0.1,2.77,0.02,0.000016143585568264868,1,9.98,0.01
503,YMMDSIREV,1,9,9,HLA-A*02:01,503,0.1,0.1,1.3627933321718602,0.1,1.3555327041077154,0.1,2.71,0.02,0.000016143585568264868,1,10.32,0.02
834,YLMTYIPTL,1,9,9,HLA-A*02:01,834,0.1,0.1,0.9537400057257444,0.1,0.9729936366401498,0.1,2.08,0.01,0.000016218100973589332,1,9.93,0.01
632,YLMEWIHET,1,9,9,HLA-A*02:01,632,0.1,0.1,1.8639317237412716,0.1,2.037558093951795,0.1,2.41,0.01,0.000016788040181225588,1,11.25,0.06
608,YLMETPTHV,1,9,9,HLA-A*02:01,608,0.1,0.1,1.6384379550039803,0.1,1.683100310072326,0.1,2.76,0.02,0.000020417379446695274,1.2,9.78,0.01
505,YMMDHVREV,1,9,9,HLA-A*02:01,505,0.1,0.1,1.28655986736678,0.1,1.288575886482656,0.1,3,0.02,0.000020796966871036937,1.3,10.12,0.02
504,YMMDSVREV,1,9,9,HLA-A*02:01,504,0.1,0.1,1.6011425538566137,0.1,1.5962834096600584,0.1,2.93,0.02,0.000020796966871036937,1.3,10.57,0.03
592,YLDEDPFTV,1,9,9,HLA-A*02:01,592,0.1,0.1,1.263077503359399,0.1,1.244829867781648,0.1,2.69,0.02,0.000023442288153199178,1.4,15.5,0.2
595,YLDEWPMTV,1,9,9,HLA-A*02:01,595,0.1,0.1,1.159925243220036,0.1,1.244829867781648,0.1,2.41,0.01,0.000031622776601683795,1.8,14.22,0.17
823,YLMTWIWHL,1,9,9,HLA-A*02:01,823,0.1,0.1,0.38497275940009407,0.1,0.41125387208794195,0.1,1.79,0.01,0.0000363078054770101,2.1,9.91,0.01
596,YLDEWPMHV,1,9,9,HLA-A*02:01,596,0.1,0.1,1.2006875294528532,0.1,1.2945236825324578,0.1,2.74,0.02,0.00004073802778041122,2.3,14.81,0.2
822,YLMTWVWHL,1,9,9,HLA-A*02:01,822,0.1,0.1,0.45230355373749415,0.1,0.4842950164043224,0.1,1.83,0.01,0.00004677351412871981,2.7,9.91,0.01
824,YLMTEIWHL,1,9,9,HLA-A*02:01,824,0.1,0.1,1.7800409770230707,0.1,1.778729877447372,0.1,2,0.01,0.00005011872336272725,2.9,9.93,0.01
825,YLMTDIWHL,1,9,9,HLA-A*02:01,825,0.1,0.1,1.0800155289161149,0.1,1.064412583144729,0.1,1.96,0.01,0.000060255958607435806,3.5,9.9,0.01
821,YLYTWVWHL,1,9,9,HLA-A*02:01,821,0.1,0.1,0.9827204644097153,0.1,1.0619645021370243,0.1,2.16,0.01,0.00006165950018614822,3.6,10.24,0.02
398,YLMDPINHV,1,9,9,HLA-A*02:01,398,0.1,0.2,2.0343702676776845,0.1,2.0659033505576536,0.2,2.59,0.02,0.0000030902954325135855,0.2,10.04,0.01
858,YLMDEVHTL,1,9,9,HLA-A*02:01,858,0.1,0.2,2.0390599754832825,0.1,2.0850189189058033,0.2,2.44,0.01,0.000018620871366628657,1.1,10.18,0.02
587,FLDDDIQTV,1,9,9,HLA-A*02:01,587,0.2,0.1,3.1727072426334715,0.2,3.1776788250778427,0.2,3.17,0.02,5.128613839913638e-7,0.1,17.31,0.32
363,FLDEPIPTV,1,9,9,HLA-A*02:01,363,0.2,0.1,3.1291760673229576,0.2,3.0137692681441237,0.2,3.02,0.02,5.128613839913659e-7,0.1,14.77,0.2
368,FLDEEIQTV,1,9,9,HLA-A*02:01,368,0.2,0.2,5.86718794100655,0.2,5.889928191337401,0.2,3.04,0.02,7.762471166286927e-7,0.2,15.95,0.23
968,FLDAHIHGV,1,9,9,HLA-A*02:01,968,0.2,0.2,2.6087352106892094,0.2,2.466664025538721,0.2,2.62,0.02,8.317637711026709e-7,0.2,12.51,0.1
809,FLDDHIIEL,1,9,9,HLA-A*02:01,809,0.2,0.2,2.0203657612611,0.1,2.0611519047025975,0.2,2.56,0.02,8.709635899560796e-7,0.2,15.89,0.22
583,FAMDWIQTV,1,9,9,HLA-A*02:01,583,0.2,0.2,7.593290234256186,0.2,8.612118560562672,0.3,4.1,0.02,8.875646565663145e-7,0.2,10.98,0.03
395,FLDDPISHV,1,9,9,HLA-A*02:01,395,0.2,0.2,6.20054694590295,0.2,5.971865254368436,0.2,5.14,0.02,9.772372209558092e-7,0.2,16.85,0.28
969,FLDADIHGV,1,9,9,HLA-A*02:01,969,0.2,0.2,2.6633607791310867,0.2,2.5183146967138113,0.2,2.97,0.02,9.77237220955811e-7,0.2,14.94,0.2
365,FLDEPQYTV,1,9,9,HLA-A*02:01,365,0.2,0.2,4.031159665897687,0.2,3.8646485016100707,0.2,4.14,0.02,9.77237220955811e-7,0.2,14.67,0.19
726,FLMDWIFQP,1,9,9,HLA-A*02:01,726,0.2,0.2,4.554387721924969,0.2,5.225285205416846,0.2,6.58,0.04,0.0000010643880744214259,0.2,19.42,0.45
967,FLDAHVHGV,1,9,9,HLA-A*02:01,967,0.2,0.2,3.0649966205234143,0.2,2.904758291143279,0.2,2.82,0.02,0.000001071519305237607,0.2,12.92,0.12
888,FLDENIPEL,1,9,9,HLA-A*02:01,888,0.2,0.2,3.1363895631458036,0.2,3.134079437098959,0.2,2.7,0.02,0.0000012302687708123811,0.2,16.86,0.28
344,FLDKNVFTV,1,9,9,HLA-A*02:01,344,0.2,0.2,2.445851019671989,0.2,2.339429704581038,0.2,2.87,0.02,0.0000013803842646028865,0.2,12.43,0.1
98,FLDSDIVHV,1,9,9,HLA-A*02:01,98,0.2,0.2,3.788174706652009,0.2,3.6822222676338265,0.2,3.43,0.02,0.0000014125375446227527,0.2,15.82,0.22
474,YLDDEIIRV,1,9,9,HLA-A*02:01,474,0.2,0.2,2.9541327001698487,0.2,2.986138865413301,0.2,2.89,0.02,0.0000015135612484362104,0.2,16.9,0.28
577,FAMEEIWEV,1,9,9,HLA-A*02:01,577,0.2,0.2,4.012638169643531,0.2,4.276711948595346,0.2,2.51,0.01,0.0000015783379538501449,0.2,12.04,0.09
576,FAMEHIWEV,1,9,9,HLA-A*02:01,576,0.2,0.2,2.3846793995806936,0.2,2.506744091704894,0.2,2.37,0.01,0.0000016151021676255966,0.2,10.63,0.03
806,FLDDHLIEL,1,9,9,HLA-A*02:01,806,0.2,0.2,2.1351579115165125,0.2,2.1632663758829236,0.2,2.52,0.01,0.0000016595869074375596,0.2,15.62,0.2
588,FLDDDPQTV,1,9,9,HLA-A*02:01,588,0.2,0.2,6.330383197655401,0.2,6.224579240616501,0.2,6.5,0.04,0.000001659586907437563,0.2,21.39,0.57
887,FLDEEIPEL,1,9,9,HLA-A*02:01,887,0.2,0.2,3.975850081778849,0.2,3.9912598192964928,0.2,2.95,0.02,0.000001698243652461746,0.2,17.99,0.33
886,FLDESIPEL,1,9,9,HLA-A*02:01,886,0.2,0.2,2.9405596933243645,0.2,2.8980775324627426,0.2,2.59,0.02,0.0000017378008287493763,0.2,16.43,0.25
696,FLDEHIIEA,1,9,9,HLA-A*02:01,696,0.2,0.2,4.172823350787707,0.2,4.247271270623608,0.2,3.2,0.02,0.0000018620871366628656,0.2,19.51,0.45
879,FLDDPIPTL,1,9,9,HLA-A*02:01,879,0.2,0.2,7.506370559702266,0.2,7.279641631255923,0.2,4.88,0.02,0.0000018620871366628656,0.2,17.08,0.32
343,FLDKSVFTV,1,9,9,HLA-A*02:01,343,0.2,0.2,2.293136990645381,0.2,2.1632663758829223,0.2,2.77,0.02,0.0000019498445997580416,0.2,12.49,0.1
472,YLDDHVIRV,1,9,9,HLA-A*02:01,472,0.2,0.2,2.0626711772025796,0.2,2.0611519047025983,0.2,2.75,0.02,0.0000019952623149688787,0.2,14.73,0.2
96,FLDPDIHHV,1,9,9,HLA-A*02:01,96,0.2,0.2,2.8276783064208115,0.2,2.692216613940026,0.2,3.53,0.02,0.0000019952623149688787,0.2,13.94,0.15
618,FLMELVTFT,1,9,9,HLA-A*02:01,618,0.2,0.2,4.4918991797452525,0.2,4.9216417738468445,0.2,3.23,0.02,0.000002113489039836643,0.2,12.93,0.12
773,FMDENIIQV,1,9,9,HLA-A*02:01,773,0.2,0.2,2.2931369906453796,0.2,2.3394297045810393,0.2,2.58,0.02,0.0000021877616239495517,0.2,14.25,0.17
97,FLDPDIVHV,1,9,9,HLA-A*02:01,97,0.2,0.2,3.535330337153369,0.2,3.5084072516839835,0.2,3.67,0.02,0.00000229086765276777,0.2,15.51,0.2
326,FLKWTIWAV,1,9,9,HLA-A*02:01,326,0.2,0.2,6.583093144667293,0.2,7.229528930753401,0.2,6.17,0.04,0.0000025941793621188124,0.2,13.65,0.14
329,FLKDTIHAV,1,9,9,HLA-A*02:01,329,0.2,0.2,11.077200076142468,0.3,11.537454464934008,0.3,5.93,0.03,0.0000027164392688390836,0.2,11.48,0.07
543,FMDDWIPFF,1,9,9,HLA-A*02:01,543,0.2,0.2,8.136357076277696,0.2,9.574365442888197,0.3,6.65,0.04,0.000002792543841237342,0.2,38,1.5
749,FLDEEVHHV,1,9,9,HLA-A*02:01,749,0.2,0.2,2.900213701799824,0.2,2.878127307056887,0.2,2.88,0.02,0.00000295120922666639,0.2,14.24,0.17
772,FMDEEIIQV,1,9,9,HLA-A*02:01,772,0.2,0.2,2.906899384859259,0.2,2.979270936605849,0.2,2.66,0.02,0.000003019951720402013,0.2,14.75,0.2
829,FLMTEIPHL,1,9,9,HLA-A*02:01,829,0.2,0.2,3.8056601266358396,0.2,3.794110716950948,0.2,2.49,0.01,0.0000030199517204020193,0.2,10.26,0.02
105,ALMSDIVHV,1,9,9,HLA-A*02:01,105,0.2,0.2,5.205111055620586,0.2,5.225285205416848,0.2,3.5,0.02,0.000003162277660168373,0.2,11.05,0.03
351,FLDKFITTV,1,9,9,HLA-A*02:01,351,0.2,0.2,3.4948617454275226,0.2,3.3737274907896073,0.2,3.21,0.02,0.000003162277660168379,0.2,12.05,0.09
949,FMDAWVQQV,1,9,9,HLA-A*02:01,949,0.2,0.2,3.858602132640167,0.2,4.000460623410721,0.2,3.1,0.02,0.000003162277660168379,0.2,13.3,0.13
482,FLDDDQHPA,1,9,9,HLA-A*02:01,482,0.2,0.2,8.500216748387539,0.3,8.377414420625424,0.2,13.2,0.11,0.000003162277660168379,0.2,29.63,1.1
465,YLDDNIERV,1,9,9,HLA-A*02:01,465,0.2,0.2,6.1436999898079305,0.2,6.082890518719297,0.2,4,0.02,0.000003162277660168386,0.2,17.79,0.33
345,FLDKNVATV,1,9,9,HLA-A*02:01,345,0.2,0.2,8.23057165088466,0.2,7.693252736711938,0.2,5.71,0.03,0.000003235936569296281,0.2,16.44,0.25
864,FLDDHISSL,1,9,9,HLA-A*02:01,864,0.2,0.2,5.853693783201153,0.2,5.769125678191357,0.2,3.61,0.02,0.0000033113112148259077,0.2,16.78,0.28
179,FLMHWVFEC,1,9,9,HLA-A*02:01,179,0.2,0.2,4.221142367912795,0.2,3.8646485016100676,0.2,5.01,0.02,0.000003760971132597687,0.3,23.5,0.65
589,FLDDDPHTV,1,9,9,HLA-A*02:01,589,0.2,0.2,2.5729420217465835,0.2,2.483762123732416,0.2,4.98,0.02,0.000003801893963205613,0.3,17.68,0.33
156,FIMDHITQV,1,9,9,HLA-A*02:01,156,0.2,0.2,3.5598360763322505,0.2,3.8292171911772184,0.2,2.91,0.02,0.00000382824743316822,0.3,9.58,0.01
408,YVMDEIPTV,1,9,9,HLA-A*02:01,408,0.2,0.2,4.982301442871273,0.2,5.371678353527658,0.2,3.79,0.02,0.000004187935651179182,0.3,9.92,0.01
466,YLDDHIERV,1,9,9,HLA-A*02:01,466,0.2,0.2,4.628390569232585,0.2,4.540566075242387,0.2,3.69,0.02,0.000004466835921509635,0.4,15.5,0.2
124,YLMDEVQEL,1,9,9,HLA-A*02:01,124,0.2,0.2,3.360701965656472,0.2,3.50033813892062,0.2,2.69,0.02,0.000004897788193684457,0.4,12.48,0.1
872,WLMDSISYL,1,9,9,HLA-A*02:01,872,0.2,0.2,3.7794621465976963,0.2,4.1697498333826,0.2,2.55,0.02,0.000004931738039549354,0.4,10.52,0.03
862,FLDDEIHSL,1,9,9,HLA-A*02:01,862,0.2,0.2,4.959409847112397,0.2,4.92164177384685,0.2,3.48,0.02,0.000005011872336272725,0.4,16.36,0.24
863,FLDDHIHSL,1,9,9,HLA-A*02:01,863,0.2,0.2,2.9473383834997535,0.2,2.8847620757181613,0.2,3.02,0.02,0.000005128613839913648,0.4,13.59,0.14
875,WLMDSVPTL,1,9,9,HLA-A*02:01,875,0.2,0.2,5.277521363317584,0.2,5.586116644180849,0.2,3,0.02,0.000005164163692720721,0.4,11.15,0.05
688,YTMEEIYEV,1,9,9,HLA-A*02:01,688,0.2,0.2,3.576267533086067,0.2,3.7679922424898478,0.2,2.64,0.02,0.000005395106225151279,0.4,10.54,0.03
775,FMDDNIHQV,1,9,9,HLA-A*02:01,775,0.2,0.2,2.30372163007383,0.2,2.280919720134758,0.2,3.06,0.02,0.000005495408738576237,0.4,13.71,0.15
93,FLDPHPHHV,1,9,9,HLA-A*02:01,93,0.2,0.2,5.526243282478343,0.2,5.16547186027994,0.2,5.96,0.04,0.000005495408738576237,0.4,14.59,0.19
962,YLDAEVFHV,1,9,9,HLA-A*02:01,962,0.2,0.2,2.390176653336187,0.2,2.3665190238394826,0.2,2.5,0.01,0.000005623413251903491,0.4,13.47,0.14
467,YLDDHVERV,1,9,9,HLA-A*02:01,467,0.2,0.2,5.437884763096545,0.2,5.34699773337137,0.2,4.12,0.02,0.000005754399373371567,0.4,16.06,0.23
803,YLDDHVIEI,1,9,9,HLA-A*02:01,803,0.2,0.2,3.3452609427183737,0.2,3.46824684596905,0.2,2.84,0.02,0.000006165950018614809,0.5,17.14,0.32
133,YLHDPVFSV,1,9,9,HLA-A*02:01,133,0.2,0.2,3.079144002127742,0.2,3.0556949749546254,0.2,2.78,0.02,0.000006165950018614822,0.5,10.11,0.02
91,FLDPHPVHV,1,9,9,HLA-A*02:01,91,0.2,0.2,6.9092355670985635,0.2,6.7314713233470185,0.2,5.65,0.03,0.00000630957344480193,0.5,15.5,0.2
464,YLDDNITRV,1,9,9,HLA-A*02:01,464,0.2,0.2,3.8320397023961896,0.2,3.7766783616844615,0.2,3.28,0.02,0.000006309573444801943,0.5,15.89,0.22
95,FLDPDPHHV,1,9,9,HLA-A*02:01,95,0.2,0.2,5.641959963656473,0.2,5.273634174140749,0.2,7.44,0.06,0.000006456542290346549,0.5,16.92,0.29
451,FMDDEVHGV,1,9,9,HLA-A*02:01,451,0.2,0.2,2.4514892885754063,0.2,2.4440495138215517,0.2,3.7,0.02,0.000006606934480075964,0.5,15.36,0.2
590,FLDEDPHTV,1,9,9,HLA-A*02:01,590,0.2,0.2,2.8868884302486726,0.2,2.7549263947466507,0.2,4.22,0.02,0.0000069183097091893625,0.5,16.7,0.26
475,YLDDEIHRV,1,9,9,HLA-A*02:01,475,0.2,0.2,3.3298908648363454,0.2,3.229311952348246,0.2,3.39,0.02,0.000006918309709189377,0.5,15.32,0.2
70,YLMPWIFSP,1,9,9,HLA-A*02:01,70,0.2,0.2,7.070172337828895,0.2,7.693252736711942,0.2,7.76,0.06,0.0000070323422690765806,0.5,25.32,0.79
606,GLMETPFHV,1,9,9,HLA-A*02:01,606,0.2,0.2,2.578873265667345,0.2,2.7359616148413255,0.2,2.9,0.02,0.000007430191378967006,0.5,10.99,0.03
777,FMDDEIHQV,1,9,9,HLA-A*02:01,777,0.2,0.2,2.9203170227801665,0.2,2.904758291143279,0.2,3.42,0.02,0.000007585775750291836,0.5,14.3,0.17
396,YLDDPISHV,1,9,9,HLA-A*02:01,396,0.2,0.2,7.168528232445226,0.2,6.840848933447981,0.2,5.54,0.03,0.000007585775750291836,0.5,16.9,0.28
375,ILDEHIWKV,1,9,9,HLA-A*02:01,375,0.2,0.2,3.5190869697296656,0.2,3.484255546043745,0.2,2.76,0.02,0.00000831763771102671,0.6,13.69,0.15
483,FLDDDYHPA,1,9,9,HLA-A*02:01,483,0.2,0.2,7.824020865862444,0.2,7.782336404886533,0.2,5.93,0.03,0.00000831763771102671,0.6,22.17,0.62
804,YLDDHVIEL,1,9,9,HLA-A*02:01,804,0.2,0.2,2.7442899805452425,0.2,2.7804174148268936,0.2,2.76,0.02,0.000008709635899560797,0.6,16.19,0.24
476,YLDDEVHRV,1,9,9,HLA-A*02:01,476,0.2,0.2,3.9122806353117,0.2,3.8028570454474333,0.2,3.72,0.02,0.00000891250938133746,0.6,15.71,0.21
374,ILDEHIWHV,1,9,9,HLA-A*02:01,374,0.2,0.2,2.2773511466376117,0.2,2.3394297045810393,0.2,2.49,0.01,0.000009120108393559096,0.6,13.08,0.13
99,FMDSDIVHV,1,9,9,HLA-A*02:01,99,0.2,0.2,3.805660126635838,0.2,3.665303993095137,0.2,3.36,0.02,0.000009120108393559096,0.6,14.93,0.2
100,FMDSPIVHV,1,9,9,HLA-A*02:01,100,0.2,0.2,8.900819621856977,0.3,8.300609823561004,0.2,5.27,0.03,0.000009120108393559096,0.6,15.45,0.2
184,FLMHWVWHC,1,9,9,HLA-A*02:01,184,0.2,0.2,6.448073808214272,0.2,5.8899281913373995,0.2,5.35,0.03,0.000009447132357271356,0.7,24.24,0.71
107,AMMSDIVEV,1,9,9,HLA-A*02:01,107,0.2,0.2,3.383997238792014,0.2,3.3505029141020426,0.2,2.95,0.02,0.000009549925860214369,0.7,11.73,0.08
955,YMMAEVQQV,1,9,9,HLA-A*02:01,955,0.2,0.2,5.412899952119628,0.2,5.396472894250529,0.2,2.82,0.02,0.000009772372209558092,0.7,10.31,0.02
778,FMDDEVHQV,1,9,9,HLA-A*02:01,778,0.2,0.2,3.431073329712706,0.2,3.420660715284416,0.2,3.72,0.02,0.000009772372209558111,0.7,14.58,0.19
774,FMDENIHQV,1,9,9,HLA-A*02:01,774,0.2,0.2,2.5848181825174374,0.2,2.5299387092088415,0.2,2.71,0.02,0.00001,0.7,13.31,0.13
953,YMMAWQQQV,1,9,9,HLA-A*02:01,953,0.2,0.2,2.6087352106892134,0.2,2.6736835251293045,0.2,3.02,0.02,0.000010232929922807536,0.7,9.81,0.01
120,YLMMEVIEL,1,9,9,HLA-A*02:01,120,0.2,0.2,3.100487608697508,0.2,3.069799422113765,0.2,3.12,0.02,0.000010232929922807536,0.7,14.72,0.19
800,YLYDHVHEI,1,9,9,HLA-A*02:01,800,0.2,0.2,2.149958119105454,0.2,2.2392882434360217,0.2,2.68,0.02,0.000010715193052376048,0.7,9.44,0.01
477,YLDDDVHRV,1,9,9,HLA-A*02:01,477,0.2,0.2,2.3737227929892053,0.2,2.2756737503525737,0.2,3.84,0.02,0.00001071519305237607,0.7,15.95,0.23
867,WLMDHVSSL,1,9,9,HLA-A*02:01,867,0.2,0.2,7.896415639595866,0.2,8.26247198569393,0.2,3.85,0.02,0.000010789467222298297,0.8,11.07,0.03
27,FMMDWVVEC,1,9,9,HLA-A*02:01,27,0.2,0.2,4.857692278783882,0.2,4.787513371934253,0.2,4.52,0.02,0.000011622511912882104,0.8,20.67,0.53
123,YLMDEPQEL,1,9,9,HLA-A*02:01,123,0.2,0.2,5.707290780991813,0.2,5.822506740853733,0.2,5.14,0.02,0.00001230268770812381,0.8,14.17,0.16
518,CLDDWPHEV,1,9,9,HLA-A*02:01,518,0.2,0.2,5.50085250098143,0.2,5.5221728957196135,0.2,7.8,0.06,0.000012823305826560205,0.8,26.3,0.84
805,YLDDHLIEL,1,9,9,HLA-A*02:01,805,0.2,0.2,2.4684822005175526,0.2,2.4780496293678724,0.2,2.58,0.02,0.000012882495516931323,0.8,15.52,0.2
946,YMDAEVQYV,1,9,9,HLA-A*02:01,946,0.2,0.2,5.907857344904908,0.2,5.985631825548884,0.2,2.98,0.02,0.000012882495516931323,0.8,14.83,0.2
963,YLDAEVHHV,1,9,9,HLA-A*02:01,963,0.2,0.2,6.315823720322001,0.2,5.9994301319534316,0.2,3.6,0.02,0.000012882495516931323,0.8,14.61,0.19
681,YTDDWIFEV,1,9,9,HLA-A*02:01,681,0.2,0.2,2.1848921282676557,0.2,2.3665190238394818,0.2,3.12,0.02,0.000013243415351946644,0.9,19.31,0.43
819,HLYDWVWHL,1,9,9,HLA-A*02:01,819,0.2,0.2,3.0438973321977363,0.2,3.656874027840075,0.2,2.96,0.02,0.000014969248567600378,0.9,10.11,0.02
634,YLMEWHIET,1,9,9,HLA-A*02:01,634,0.2,0.2,6.67467309274324,0.2,6.968029810589305,0.2,3.64,0.02,0.00001566751070108147,1,14.27,0.17
836,KLMTYIPTL,1,9,9,HLA-A*02:01,836,0.2,0.2,3.158129976987786,0.2,3.185004131304742,0.2,2.7,0.02,0.000016218100973589332,1,11.79,0.08
619,YLMELVTFT,1,9,9,HLA-A*02:01,619,0.2,0.2,5.19313963239613,0.2,5.637804345100525,0.2,3.07,0.02,0.000016405897731995387,1,12.67,0.11
624,RLMEWVFTT,1,9,9,HLA-A*02:01,624,0.2,0.2,6.200546945902953,0.2,7.229528930753404,0.2,3.7,0.02,0.00001663412650370173,1,13.28,0.13
605,GLMETPHHV,1,9,9,HLA-A*02:01,605,0.2,0.2,6.814437301222839,0.2,6.936014621727532,0.2,5.16,0.03,0.000017021585083949502,1.1,11.78,0.08
622,YLMELVFTT,1,9,9,HLA-A*02:01,622,0.2,0.2,2.75695704755854,0.2,2.924893113712019,0.2,2.79,0.02,0.000018407720014689545,1.1,12,0.09
844,FMMTPIYTL,1,9,9,HLA-A*02:01,844,0.2,0.2,2.578873265667345,0.2,2.5009787402807806,0.2,2.6,0.02,0.000018620871366628732,1.1,10.78,0.03
614,YLDELVTTV,1,9,9,HLA-A*02:01,614,0.2,0.2,2.277351146637608,0.2,2.260008122445393,0.2,2.67,0.02,0.000019054607179632443,1.1,13.09,0.13
945,YMDAEVSYV,1,9,9,HLA-A*02:01,945,0.2,0.2,4.76902940252013,0.2,4.776502396730131,0.2,2.96,0.02,0.000019054607179632443,1.1,14.14,0.16
106,AMMSDIVHV,1,9,9,HLA-A*02:01,106,0.2,0.2,5.22913675662909,0.2,5.201277200678709,0.2,3.39,0.02,0.000020417379446695318,1.2,10.7,0.03
609,YLMEEPTHV,1,9,9,HLA-A*02:01,609,0.2,0.2,2.179867015818035,0.2,2.2238730915966354,0.2,3.07,0.02,0.000020892961308540365,1.3,10.3,0.02
626,YLMEEVFTT,1,9,9,HLA-A*02:01,626,0.2,0.2,5.720447445021794,0.2,6.110967865640143,0.2,2.79,0.02,0.000021627185237270203,1.3,12.52,0.1
613,YLDEEVTTV,1,9,9,HLA-A*02:01,613,0.2,0.2,4.725306678149813,0.2,4.721826225923863,0.2,2.99,0.02,0.00002238721138568338,1.4,15.67,0.21
621,YLMELVFHT,1,9,9,HLA-A*02:01,621,0.2,0.2,2.8538424916516343,0.2,3.041655331843676,0.2,2.75,0.02,0.000023713737056616554,1.4,12.31,0.09
350,YLDKFITTV,1,9,9,HLA-A*02:01,350,0.2,0.2,4.040452448657603,0.2,3.8646485016100707,0.2,3.12,0.02,0.000024547089156850336,1.5,11.96,0.08
948,YMDAWVQQV,1,9,9,HLA-A*02:01,948,0.2,0.2,4.460977163293835,0.2,4.582579415860258,0.2,3.27,0.02,0.000024547089156850336,1.5,13.37,0.14
682,YTDDWLFEV,1,9,9,HLA-A*02:01,682,0.2,0.2,2.3090322568963533,0.2,2.483762123732412,0.2,3.04,0.02,0.000025234807724805704,1.5,18.71,0.37
347,YLDKFVATV,1,9,9,HLA-A*02:01,347,0.2,0.2,4.144097836892892,0.2,3.963784179960982,0.2,3.91,0.02,0.000025703957827688645,1.5,12.36,0.1
680,YTDDWIFKV,1,9,9,HLA-A*02:01,680,0.2,0.2,5.217110075825692,0.2,5.471545310299986,0.2,4.33,0.02,0.000025822601906345957,1.5,18.67,0.37
612,YLDEEVTKV,1,9,9,HLA-A*02:01,612,0.2,0.2,7.558402234701041,0.2,7.313242930327678,0.2,3.87,0.02,0.000026302679918953814,1.5,16.12,0.23
801,YLDDHVHEI,1,9,9,HLA-A*02:01,801,0.2,0.2,3.770769624875441,0.2,3.750679890712921,0.2,3.6,0.02,0.00002818382931264455,1.7,15.03,0.2
611,YLDEEVTHV,1,9,9,HLA-A*02:01,611,0.2,0.2,4.891364193044367,0.2,4.910322311878743,0.2,3.29,0.02,0.000028840315031266056,1.7,15.68,0.21
24,FMMDWPVEC,1,9,9,HLA-A*02:01,24,0.2,0.2,8.249545078057155,0.2,7.963610306691785,0.2,6.8,0.05,0.000029194429974027034,1.7,27,0.87
638,YLMEWHFET,1,9,9,HLA-A*02:01,638,0.2,0.2,2.8472788360603505,0.2,2.972418803596338,0.2,2.71,0.02,0.00003126079367123956,1.8,12.13,0.09
498,YMDDEVNEV,1,9,9,HLA-A*02:01,498,0.2,0.2,4.172823350787713,0.2,4.227756831740238,0.2,4.24,0.02,0.00003467368504525317,2,20.36,0.49
802,YLDDHVTEI,1,9,9,HLA-A*02:01,802,0.2,0.2,5.500852500981419,0.2,5.586116644180851,0.2,3.77,0.02,0.000035481338923357534,2.1,17.24,0.32
139,YIDDWIVSV,1,9,9,HLA-A*02:01,139,0.2,0.2,3.1004876086975046,0.2,3.50033813892062,0.2,2.89,0.02,0.00004295364267648873,2.5,16.48,0.25
594,YLDEHPMTV,1,9,9,HLA-A*02:01,594,0.2,0.2,3.1873517938802145,0.2,3.155803837912185,0.2,3.02,0.02,0.00004466835921509626,2.6,14.46,0.18
141,YIDDWVHSV,1,9,9,HLA-A*02:01,141,0.2,0.2,2.9136004800098587,0.2,3.163078717085715,0.2,3.55,0.02,0.00004819477976251272,2.8,14.99,0.2
940,YMDADVSTV,1,9,9,HLA-A*02:01,940,0.2,0.2,7.3863519947054375,0.2,6.872424857450956,0.2,4.33,0.02,0.00005011872336272715,2.9,16.99,0.31
593,YLDEDPMTV,1,9,9,HLA-A*02:01,593,0.2,0.2,3.254093294838813,0.2,3.2218847409607805,0.2,3.7,0.02,0.00005248074602497723,3,17.99,0.33
489,FMDDVVHTA,1,9,9,HLA-A*02:01,489,0.2,0.2,5.641959963656473,0.2,5.611900987081031,0.2,3.93,0.02,0.000053703179637025216,3.1,15.39,0.2
591,YLDEDPHTV,1,9,9,HLA-A*02:01,591,0.2,0.2,3.337567056053219,0.2,3.155803837912182,0.2,4.59,0.02,0.000053703179637025325,3.1,16.88,0.28
597,YLDETPMHV,1,9,9,HLA-A*02:01,597,0.2,0.2,4.172823350787708,0.2,4.2375028177728735,0.2,3.91,0.02,0.00005495408738576237,3.2,15.87,0.22
140,YIDDWVVSV,1,9,9,HLA-A*02:01,140,0.2,0.2,3.64275531057901,0.2,4.122019101735625,0.2,3.09,0.02,0.00005533501092157371,3.2,17.41,0.32
833,YLDTYIPTL,1,9,9,HLA-A*02:01,833,0.2,0.2,3.634377205854622,0.2,3.5736334123519167,0.2,2.6,0.02,0.00005623413251903491,3.3,15.32,0.2
497,YMDDEVNTV,1,9,9,HLA-A*02:01,497,0.2,0.2,6.229167370216591,0.2,6.3111717634812345,0.2,3.92,0.02,0.000057543993733715664,3.4,18.54,0.36
856,YLMDNKHTL,1,9,9,HLA-A*02:01,856,0.2,0.2,8.0432209669882,0.2,7.432073568591361,0.2,7.33,0.06,0.000059156163417547426,3.5,11.34,0.06
826,GLMTDIWHL,1,9,9,HLA-A*02:01,826,0.2,0.2,6.552846579131523,0.2,6.532960013535476,0.2,3.1,0.02,0.0000632411851376221,3.6,13.4,0.14
138,YIHDWIVSV,1,9,9,HLA-A*02:01,138,0.2,0.2,7.102806770572424,0.2,8.074395161524771,0.2,3.43,0.02,0.0000665273156201742,3.8,10.23,0.02
283,YMMDWVWTC,1,9,9,HLA-A*02:01,283,0.2,0.2,2.5085918096505444,0.2,2.4328201263333407,0.2,2.76,0.02,0.00006688057526849248,3.8,14.91,0.2
633,YLMEWHHET,1,9,9,HLA-A*02:01,633,0.2,0.2,7.523674530943307,0.2,7.535464010827415,0.2,5.82,0.03,0.00007161434102129028,4.1,13.5,0.14
610,YLDEEPTHV,1,9,9,HLA-A*02:01,610,0.2,0.2,8.306728192716259,0.2,8.167892250973999,0.2,6.03,0.04,0.00007244359600749891,4.1,18.79,0.38
517,CMDDWPHEV,1,9,9,HLA-A*02:01,517,0.2,0.2,5.526243282478348,0.2,5.4968008159510635,0.2,9.24,0.07,0.00008279421637123345,4.8,25.29,0.79
854,YLMDHKHTL,1,9,9,HLA-A*02:01,854,0.2,0.2,6.059405265820241,0.2,5.547662087687296,0.2,6.67,0.04,0.00008356030182312474,4.8,10.27,0.02
284,YMMDWVWHC,1,9,9,HLA-A*02:01,284,0.2,0.2,2.5967491611557207,0.2,2.5299387092088406,0.2,2.8,0.02,0.00008615887110661441,4.9,14.61,0.19
281,YMMDHVWTC,1,9,9,HLA-A*02:01,281,0.2,0.2,6.89334476625929,0.2,6.167511955119191,0.2,3.79,0.02,0.00009447132357271376,5.4,14.75,0.2
855,YLMDDKHTL,1,9,9,HLA-A*02:01,855,0.2,0.2,6.186286083662119,0.2,5.663827267588131,0.2,7.92,0.06,0.00009817479430199844,5.5,11.4,0.07
837,KMMTYIPTL,1,9,9,HLA-A*02:01,837,0.2,0.2,3.1727072426334764,0.2,3.1703703665877327,0.2,3.01,0.02,0.00010471285480508996,5.9,12.59,0.1
845,YMMTPIYTL,1,9,9,HLA-A*02:01,845,0.2,0.2,2.981466953499933,0.2,2.8649035132717886,0.2,2.53,0.01,0.0001445439770745928,7.8,10.69,0.03
848,YMMVPIWTL,1,9,9,HLA-A*02:01,848,0.2,0.2,3.5353303371533706,0.2,3.229311952348241,0.2,2.7,0.02,0.00024547089156850286,14,11.67,0.08
492,YMDDVIHTA,1,9,9,HLA-A*02:01,492,0.2,0.2,5.551751262497647,0.2,5.458961105294285,0.2,3.58,0.02,0.00032359365692962843,17,15.13,0.2
491,YMDDVVHTA,1,9,9,HLA-A*02:01,491,0.2,0.2,6.522738983940933,0.2,6.428505206812298,0.2,4.03,0.02,0.0004168693834703355,20,15.7,0.21
838,KMMTYIHTL,1,9,9,HLA-A*02:01,838,0.2,0.2,3.431073329712706,0.2,3.350502914102041,0.2,3.05,0.02,0.0004365158322401661,21,11.67,0.08
493,YMDDDIHTA,1,9,9,HLA-A*02:01,493,0.2,0.2,7.4204458464354035,0.2,7.196312262571525,0.2,6.21,0.04,0.0004570881896148752,21,18.27,0.35
847,YMMVPIHTL,1,9,9,HLA-A*02:01,847,0.2,0.2,9.449960647952791,0.3,8.338923697689353,0.2,4.2,0.02,0.00047863009232263805,22,11.44,0.07
846,YMMTPIHTL,1,9,9,HLA-A*02:01,846,0.2,0.2,6.55284657913152,0.2,5.958130345423078,0.2,3.35,0.02,0.0005888436553555889,25,10.55,0.03
325,FLKWTVWAV,1,9,9,HLA-A*02:01,325,0.2,0.3,7.734460039608787,0.2,8.513536454596695,0.3,7.59,0.06,0.000003341950400261143,0.3,14.02,0.16
88,FLDPHEVHV,1,9,9,HLA-A*02:01,88,0.26,0.2,12.836008617833718,0.3,12.334171989546965,0.3,6.7,0.04,0.0000019498445997580416,0.2,16.69,0.26
327,FLKWTIIAV,1,9,9,HLA-A*02:01,327,0.28,0.2,15.610973985185518,0.4,17.262750751000215,0.4,18.49,0.17,0.0000011066237839776676,0.2,16.85,0.28
121,YLMMEVQEL,1,9,9,HLA-A*02:01,121,0.28,0.2,8.598644619424718,0.3,8.319744705396072,0.2,3.71,0.02,0.000020417379446695274,1.2,16.81,0.28
727,FLMDHIFQP,1,9,9,HLA-A*02:01,727,0.3,0.2,12.514975392038957,0.3,13.24677012676939,0.3,10.99,0.09,0.0000015034881171689838,0.2,18.15,0.35
907,FLMDEVHYS,1,9,9,HLA-A*02:01,907,0.3,0.2,12.486191747374962,0.3,13.33859235064413,0.3,5.09,0.02,0.0000016292960326397214,0.2,18.77,0.38
480,FLDDDIHRA,1,9,9,HLA-A*02:01,480,0.3,0.2,8.658247576500907,0.3,8.396726355342201,0.2,7.06,0.05,0.00000831763771102671,0.6,22.38,0.62
152,FITDSIPSV,1,9,9,HLA-A*02:01,152,0.3,0.3,14.435439137498138,0.4,15.78010904568978,0.4,5.25,0.03,0.000003411929116219288,0.3,11.32,0.06
195,FLMDHIHHC,1,9,9,HLA-A*02:01,195,0.3,0.3,13.977516062246432,0.3,12.33417198954697,0.3,9.72,0.08,0.0000036753609777148007,0.3,18.72,0.37
575,FAMEHITEV,1,9,9,HLA-A*02:01,575,0.3,0.3,9.298866226591223,0.3,9.640731773604468,0.3,4.49,0.02,0.0000039646056906127676,0.3,11.84,0.08
574,FAMWHITEV,1,9,9,HLA-A*02:01,574,0.3,0.3,13.165276964260839,0.3,14.06403699082384,0.4,6.76,0.05,0.000004056953220360443,0.3,13.14,0.13
94,FLDPEPHHV,1,9,9,HLA-A*02:01,94,0.3,0.3,9.298866226591223,0.3,8.812720571714804,0.3,7.4,0.06,0.000005370317963702522,0.4,16.4,0.25
544,FMDDWIPEF,1,9,9,HLA-A*02:01,544,0.3,0.3,11.15398355887547,0.3,12.563481367330839,0.3,11.64,0.1,0.00000544502652842422,0.4,38.65,1.5
189,FLMDWPHHC,1,9,9,HLA-A*02:01,189,0.3,0.3,10.149157682942704,0.3,9.530375229554169,0.3,9.74,0.08,0.000008419765576091762,0.6,21.54,0.57
873,WLMDSISTL,1,9,9,HLA-A*02:01,873,0.3,0.3,9.647837944978813,0.3,10.025591384720236,0.3,3.78,0.02,0.000010789467222298275,0.8,12.3,0.09
871,WLMDSISNL,1,9,9,HLA-A*02:01,871,0.3,0.3,12.954778743253874,0.3,13.2773070856748,0.3,3.99,0.02,0.000013273944577297401,0.9,13.72,0.15
874,WLMDSVSTL,1,9,9,HLA-A*02:01,874,0.3,0.3,11.33522121200843,0.3,11.806196302725299,0.3,4.4,0.02,0.000013899526312133554,0.9,12.79,0.11
144,YYMDWVVSV,1,9,9,HLA-A*02:01,144,0.3,0.3,8.983177891807129,0.3,10.259117407454495,0.3,13.77,0.12,0.00001787310472248371,1.1,29.69,1.1
868,WLMDHVSHL,1,9,9,HLA-A*02:01,868,0.3,0.3,9.428226341583109,0.3,9.910829389131138,0.3,4.07,0.02,0.00001790605854035295,1.1,10.5,0.03
869,WLMDSVSHL,1,9,9,HLA-A*02:01,869,0.3,0.3,11.733565445188056,0.3,12.277501616940516,0.3,4.29,0.02,0.00001790605854035295,1.1,11.67,0.08
643,FMMHWIQET,1,9,9,HLA-A*02:01,643,0.3,0.3,10.243066682757284,0.3,10.619645021370243,0.3,4.35,0.02,0.000018407720014689582,1.1,13.96,0.16
687,YTDEEIYEV,1,9,9,HLA-A*02:01,687,0.3,0.3,13.627933321718595,0.3,13.839168590806066,0.3,5.19,0.03,0.000018706821403658016,1.1,25.79,0.81
631,YLMEEIHET,1,9,9,HLA-A*02:01,631,0.3,0.3,8.618466542419732,0.3,8.812720571714816,0.3,3.83,0.02,0.000023173946499684798,1.4,15.42,0.2
346,YLDKNVATV,1,9,9,HLA-A*02:01,346,0.3,0.3,9.515464645826983,0.3,8.812720571714813,0.3,5.72,0.03,0.000025118864315095822,1.5,16.25,0.24
630,YLMEEVHET,1,9,9,HLA-A*02:01,630,0.3,0.3,10.12581526801708,0.3,10.377912388221072,0.3,4.42,0.02,0.00002985382618917957,1.7,16.39,0.24
943,YMDAEISTV,1,9,9,HLA-A*02:01,943,0.3,0.3,10.36167580489134,0.3,9.75236618620886,0.3,3.83,0.02,0.00003235936569296281,1.9,15.47,0.2
743,CLDEHPWHV,1,9,9,HLA-A*02:01,743,0.3,0.3,9.804602700613009,0.3,9.334907094535449,0.3,6.32,0.04,0.00003614098626396132,2.1,19.66,0.46
745,CLDEDPFHV,1,9,9,HLA-A*02:01,745,0.3,0.3,10.12581526801708,0.3,9.707558133748165,0.3,10.05,0.09,0.00003614098626396132,2.1,27.45,0.9
942,YMDAPISTV,1,9,9,HLA-A*02:01,942,0.3,0.3,14.703813988234938,0.4,13.216303400920516,0.3,5.78,0.03,0.000038904514499428046,2.2,15.88,0.22
944,YMDAEVSTV,1,9,9,HLA-A*02:01,944,0.3,0.3,12.173907568242925,0.3,11.484444676841893,0.3,4.48,0.02,0.000041686938347033464,2.4,16.39,0.24
744,CLDEDPWHV,1,9,9,HLA-A*02:01,744,0.3,0.3,10.009906019122768,0.3,9.53037522955418,0.3,8.54,0.07,0.0000424619563946313,2.4,30.22,1.2
679,YTDDWIHKV,1,9,9,HLA-A*02:01,679,0.3,0.3,13.78573735227438,0.3,13.871071169208047,0.3,9.9,0.08,0.000059156163417547426,3.5,20.14,0.48
843,FMDTPIYTL,1,9,9,HLA-A*02:01,843,0.3,0.3,9.827204644097158,0.3,9.185652252271268,0.3,4.69,0.02,0.00006456542290346563,3.7,16.41,0.25
479,YLDDDIHRA,1,9,9,HLA-A*02:01,479,0.3,0.3,10.009906019122763,0.3,9.6185587058213,0.3,7.85,0.06,0.00006456542290346563,3.7,22.27,0.62
620,YLMELVTHT,1,9,9,HLA-A*02:01,620,0.3,0.3,11.000945167186655,0.3,11.484444676841898,0.3,4.39,0.02,0.00006839116472814293,3.9,13.88,0.15
637,YLMEWHVET,1,9,9,HLA-A*02:01,637,0.3,0.3,9.406542022730939,0.3,9.819966359133204,0.3,4.07,0.02,0.00008222426499470712,4.7,14.88,0.2
478,YLDDDVHRA,1,9,9,HLA-A*02:01,478,0.3,0.3,11.760614107041816,0.3,11.326872188635726,0.3,9.58,0.08,0.00008317637711026709,4.8,23.67,0.68
286,YMMDEIWHC,1,9,9,HLA-A*02:01,286,0.3,0.3,10.21950828312561,0.3,9.292017092373783,0.3,3.88,0.02,0.000092320893708216,5.2,19.39,0.44
285,YMMDEVWHC,1,9,9,HLA-A*02:01,285,0.3,0.3,12.00687529452855,0.3,10.942334834036807,0.3,4.5,0.02,0.00011893234993151846,6.5,20.76,0.53
644,YMMHWIQET,1,9,9,HLA-A*02:01,644,0.3,0.3,11.842134789525701,0.3,12.16494080553727,0.3,4.54,0.02,0.0001428893958511102,7.8,14.1,0.16
851,YLMVEKWTL,1,9,9,HLA-A*02:01,851,0.3,0.3,14.56900861130432,0.4,12.797053924741567,0.3,4.38,0.02,0.0001786487574852048,9.5,14.14,0.16
488,FMDDVYHTA,1,9,9,HLA-A*02:01,488,0.3,0.3,11.57257489190022,0.3,11.171461676018078,0.3,5,0.02,0.00020417379446695296,12,15.28,0.2
839,KMMTHIHTL,1,9,9,HLA-A*02:01,839,0.3,0.3,9.087198189313867,0.3,8.435483883223528,0.3,4.27,0.02,0.0005011872336272725,22,11.6,0.08
850,YMMVEKWTL,1,9,9,HLA-A*02:01,850,0.3,0.3,14.63625609961824,0.4,12.738256802827369,0.3,4.21,0.02,0.0011534532578210918,37,13.93,0.15
566,FACWFIFEV,1,9,9,HLA-A*02:01,566,0.3,0.4,12.48619174737495,0.3,15.420909910189554,0.4,15.71,0.15,0.0000061404471810560554,0.4,15.6,0.2
565,FACWFLFEV,1,9,9,HLA-A*02:01,565,0.3,0.4,13.195626062024932,0.3,16.184899239169006,0.4,16.14,0.15,0.000011700380894230476,0.8,16.04,0.23
623,RLMELVFTT,1,9,9,HLA-A*02:01,623,0.3,0.4,13.817516758950783,0.3,14.966146771833706,0.4,6.39,0.04,0.000019543394557754,1.2,16.51,0.25
580,FAMDDIQEV,1,9,9,HLA-A*02:01,580,0.32,0.2,14.270198032105695,0.4,14.931725589436185,0.4,8.27,0.06,8.875646565663145e-7,0.2,17.6,0.32
581,FAMDPIQEV,1,9,9,HLA-A*02:01,581,0.32,0.2,33.37567056053223,0.6,33.81504735865825,0.6,13.98,0.12,8.875646565663145e-7,0.2,17.23,0.32
332,ELMDTIHAV,1,9,9,HLA-A*02:01,332,0.32,0.2,19.20569377593827,0.4,21.188977509486897,0.5,8.5,0.07,0.0000027227013080779155,0.2,17.37,0.32
830,FLDTEIPHL,1,9,9,HLA-A*02:01,830,0.32,0.3,14.502070097133359,0.4,13.935097124661798,0.3,4.49,0.02,0.000010471285480509006,0.7,17.47,0.32
579,FAMEDIQEV,1,9,9,HLA-A*02:01,579,0.33,0.2,16.011425538566144,0.4,16.561893972211745,0.4,6.48,0.04,0.0000016151021676255966,0.2,17.83,0.33
366,FLDEPQQTV,1,9,9,HLA-A*02:01,366,0.33,0.2,21.798670158180382,0.5,20.14234359319341,0.4,10.45,0.09,0.0000017378008287493763,0.2,18.03,0.33
640,FLMEWHQET,1,9,9,HLA-A*02:01,640,0.33,0.3,16.01142553856613,0.4,16.485798981541187,0.4,6.83,0.05,0.000004027170343254587,0.3,18.01,0.33
279,FMMDHVHTC,1,9,9,HLA-A*02:01,279,0.33,0.3,15.937859720609323,0.4,13.903047290648566,0.3,13.45,0.12,0.0000237301235849051,1.4,17.86,0.33
578,FAMEEIQEV,1,9,9,HLA-A*02:01,578,0.35,0.2,26.389429407375754,0.5,27.67642557217212,0.5,6.83,0.05,0.0000013433834696603644,0.2,18.32,0.35
367,FLDEEQQTV,1,9,9,HLA-A*02:01,367,0.36,0.2,15.36137177317069,0.4,14.86312054213121,0.4,6.42,0.04,0.000001445439770745928,0.2,18.55,0.36
725,FLMDSIFQP,1,9,9,HLA-A*02:01,725,0.4,0.2,15.575069741351808,0.4,16.410053615594386,0.4,12.77,0.11,0.0000015034881171689838,0.2,26.62,0.85
976,YLMAWIPER,1,9,9,HLA-A*02:01,976,0.4,0.2,17.038446698683654,0.4,15.852946719614923,0.4,21.68,0.2,0.0000023356082466252164,0.2,219.44,4.3
728,FLMEHIFQP,1,9,9,HLA-A*02:01,728,0.4,0.2,14.042033345002654,0.4,14.692983808182928,0.4,12.96,0.11,0.0000027358986177223055,0.2,20.56,0.52
908,FLMEEVHYS,1,9,9,HLA-A*02:01,908,0.4,0.2,14.009737564507573,0.4,14.794830706386177,0.4,4.98,0.02,0.0000029648313895243395,0.2,20.3,0.49
895,FLDEWIYYD,1,9,9,HLA-A*02:01,895,0.4,0.3,14.106848426005424,0.4,13.68075293792044,0.3,73.79,0.68,0.0000014358200050677058,0.2,934,7.4
196,FLMDHIHKC,1,9,9,HLA-A*02:01,196,0.4,0.3,21.598818748905792,0.5,18.37003568702346,0.4,15.11,0.14,0.0000033519690502216325,0.3,21.26,0.57
194,FLMDKIHHC,1,9,9,HLA-A*02:01,194,0.4,0.3,20.817568386188977,0.5,18.24357725084827,0.4,13.58,0.12,0.0000036753609777148007,0.3,23.42,0.65
723,FLDDWIFQP,1,9,9,HLA-A*02:01,723,0.4,0.3,17.355215073098286,0.4,19.191547710041068,0.4,32.09,0.29,0.0000036906256858412013,0.3,77.4,2.5
180,FLMHTVFEC,1,9,9,HLA-A*02:01,180,0.4,0.3,14.669996154496976,0.4,12.650567259794999,0.3,13,0.11,0.0000050734104603729815,0.4,30.1,1.2
181,FLMHTVWEC,1,9,9,HLA-A*02:01,181,0.4,0.3,14.502070097133375,0.4,12.4196683853397,0.3,8.55,0.07,0.000005960737545096853,0.4,31.81,1.2
122,YLMMEPQEL,1,9,9,HLA-A*02:01,122,0.4,0.3,14.602593644712343,0.4,13.839168590806066,0.3,4.86,0.02,0.00005128613839913648,2.9,19.1,0.41
435,FYMDIVHHV,1,9,9,HLA-A*02:01,435,0.4,0.31,14.90836441642568,0.4,15.671479539106864,0.4,33.89,0.31,0.0000035661532304264047,0.3,28.93,0.98
433,FYMDHIHHV,1,9,9,HLA-A*02:01,433,0.4,0.31,17.355215073098258,0.4,17.746389122523205,0.4,34.25,0.31,0.0000036492196100947113,0.3,25.89,0.81
982,FLMAWIIEN,1,9,9,HLA-A*02:01,982,0.4,0.4,18.942181778522915,0.4,20.42255150455906,0.4,85.5,0.76,2.736528654192472e-7,0.1,268.73,4.7
897,FLDEWVYYD,1,9,9,HLA-A*02:01,897,0.4,0.4,16.574101723616327,0.4,16.110536381957445,0.4,106.15,0.87,0.0000018496944778405068,0.2,1157.99,8
529,YLMDWIIEH,1,9,9,HLA-A*02:01,529,0.4,0.4,16.727459998688317,0.4,18.201618187523003,0.4,92.11,0.8,0.000002080654643382281,0.2,286.75,4.8
896,FLDEWLYYD,1,9,9,HLA-A*02:01,896,0.4,0.4,14.908364416425671,0.4,14.35853066425741,0.4,77.66,0.69,0.0000027358986177223055,0.2,986.18,7.5
737,FLDEWVFEN,1,9,9,HLA-A*02:01,737,0.4,0.4,19.205693775938236,0.4,20.706657496266182,0.4,142.09,1.2,0.0000043371056350044145,0.3,489.01,6
186,FLMHWVPHC,1,9,9,HLA-A*02:01,186,0.4,0.4,15.937859720609323,0.4,14.39163049588735,0.4,8.68,0.07,0.000004418755787887179,0.4,21.81,0.6
154,FITDHIPQV,1,9,9,HLA-A*02:01,154,0.4,0.4,18.299111357126872,0.4,20.235316426934936,0.4,6.69,0.04,0.000005284452517751802,0.4,10.41,0.02
153,FITDSIPQV,1,9,9,HLA-A*02:01,153,0.4,0.4,22.773511466376103,0.5,25.067440917048902,0.5,6.47,0.04,0.000005284452517751802,0.4,11.45,0.07
921,FCWDWIHQV,1,9,9,HLA-A*02:01,921,0.4,0.4,18.898615969370695,0.4,20.611519047025933,0.4,12.42,0.1,0.000006432799272608504,0.5,20.92,0.54
545,FMDDWVPEF,1,9,9,HLA-A*02:01,545,0.4,0.4,13.104788011158497,0.3,14.794830706386154,0.4,14.3,0.13,0.000007014552984199714,0.5,40.66,1.5
617,FLDELVTFT,1,9,9,HLA-A*02:01,617,0.4,0.4,17.11709259531439,0.4,18.07631912925944,0.4,6.13,0.04,0.0000073282453313890446,0.5,24.7,0.75
90,FLDPPPVHV,1,9,9,HLA-A*02:01,90,0.4,0.4,16.497950643422982,0.4,15.563597832787352,0.4,14.3,0.13,0.000007413102413009177,0.5,18.16,0.35
484,FLDDPYHPA,1,9,9,HLA-A*02:01,484,0.4,0.4,18.2991113571269,0.4,17.62422383910051,0.4,9.81,0.08,0.00000831763771102671,0.6,22.49,0.63
104,ALDSDIVHV,1,9,9,HLA-A*02:01,104,0.4,0.4,19.834899302660897,0.4,19.191547710041046,0.4,11.4,0.1,0.000010964781961431852,0.8,22.15,0.62
906,YLMDEVHYS,1,9,9,HLA-A*02:01,906,0.4,0.4,14.43543913749813,0.4,15.279530158329285,0.4,5.33,0.03,0.000012647363474711496,0.8,19.74,0.47
877,WLDDSIPTL,1,9,9,HLA-A*02:01,877,0.4,0.4,17.117092595314407,0.4,17.422481017069437,0.4,4.92,0.02,0.000013899526312133554,0.9,21.23,0.57
87,YLDPHEVHV,1,9,9,HLA-A*02:01,87,0.4,0.4,14.839866703960835,0.4,14.128953636041082,0.4,7.66,0.06,0.000015135612484362071,1,16.73,0.27
149,FITDHIVSV,1,9,9,HLA-A*02:01,149,0.4,0.4,15.68303096714261,0.4,17.543247886056573,0.4,4.37,0.02,0.000016330519478943346,1,11.34,0.06
761,FFDEWIHHV,1,9,9,HLA-A*02:01,761,0.4,0.4,18.855150358799072,0.4,20.706657496266182,0.4,29.43,0.26,0.000016439931362213196,1,45.07,1.6
870,WLMDSVSNL,1,9,9,HLA-A*02:01,870,0.4,0.4,15.220537870231578,0.4,15.635436136360791,0.4,4.66,0.02,0.000017100153150902898,1.1,14.41,0.18
876,WLDDSVPTL,1,9,9,HLA-A*02:01,876,0.4,0.4,20.110830237908438,0.4,20.516817719253847,0.4,5.85,0.03,0.00001790605854035295,1.1,22.9,0.63
187,FLMHWVHHC,1,9,9,HLA-A*02:01,187,0.4,0.4,17.235742612890792,0.4,15.209327094186998,0.4,14.88,0.14,0.00001842044001002505,1.1,23.18,0.64
686,YTDEPIYEV,1,9,9,HLA-A*02:01,686,0.4,0.4,19.338821285262192,0.4,18.754694750001413,0.4,8.57,0.07,0.000022490546058357782,1.4,24.34,0.72
641,FMMEWHQET,1,9,9,HLA-A*02:01,641,0.4,0.4,16.085330920910298,0.4,16.410053615594375,0.4,8.73,0.07,0.00002600159563165272,1.5,16.22,0.24
273,FMMHWISEC,1,9,9,HLA-A*02:01,273,0.4,0.4,18.942181778522933,0.4,16.561893972211752,0.4,10.71,0.09,0.00002788046417831783,1.7,28.61,0.96
827,GLMTDIPHL,1,9,9,HLA-A*02:01,827,0.4,0.4,16.19682910822572,0.4,15.962834096600602,0.4,5.41,0.03,0.000029580124665515464,1.7,14.84,0.2
639,YLMEWHQET,1,9,9,HLA-A*02:01,639,0.4,0.4,18.51100508008351,0.4,18.88469608342507,0.4,7.57,0.06,0.00003126079367123956,1.8,18.19,0.35
947,YMDAEVQQV,1,9,9,HLA-A*02:01,947,0.4,0.4,20.626711772025807,0.4,19.82028979175891,0.4,6.25,0.04,0.0000338844156139202,2,17.08,0.32
683,YTDDPLFEV,1,9,9,HLA-A*02:01,683,0.4,0.4,15.150605851032577,0.4,14.558277722939835,0.4,7.75,0.06,0.000041879356511791825,2.4,25.3,0.79
685,YTDEPLYEV,1,9,9,HLA-A*02:01,685,0.4,0.4,20.437604941818872,0.4,19.683847876549436,0.4,8.49,0.07,0.00004285485203974392,2.5,24.4,0.72
567,YACWFIFEV,1,9,9,HLA-A*02:01,567,0.4,0.4,14.435439137498124,0.4,17.664851870987853,0.4,14.96,0.14,0.000047665044191055375,2.8,14.39,0.18
941,YMDAPVSTV,1,9,9,HLA-A*02:01,941,0.4,0.4,17.27547510306289,0.4,15.563597832787352,0.4,7,0.05,0.00005011872336272715,2.9,16.97,0.31
134,YIHDPVFSV,1,9,9,HLA-A*02:01,134,0.4,0.4,16.574101723616327,0.4,16.869802569960274,0.4,5.54,0.03,0.00005407543229455804,3.1,11.43,0.07
616,YLDELVTFT,1,9,9,HLA-A*02:01,616,0.4,0.4,19.789280300178678,0.4,20.706657496266192,0.4,6.1,0.04,0.00005688529308438413,3.3,25.45,0.79
832,YLDTEIPTL,1,9,9,HLA-A*02:01,832,0.4,0.4,16.19682910822572,0.4,15.350057265092524,0.4,4.32,0.02,0.00006309573444801943,3.6,18.75,0.37
684,YTDEPLFEV,1,9,9,HLA-A*02:01,684,0.4,0.4,16.999259358713847,0.4,16.147675003880533,0.4,6.74,0.05,0.00007620790100254114,4.4,23.74,0.68
831,YLDTEIPHL,1,9,9,HLA-A*02:01,831,0.4,0.4,16.766020776423826,0.4,15.962834096600568,0.4,4.81,0.02,0.00008128305161640995,4.7,17.59,0.32
282,YMMDPVWTC,1,9,9,HLA-A*02:01,282,0.4,0.4,16.46000640988443,0.4,14.259687234418106,0.4,5.91,0.03,0.00011099412707748237,6.2,20.39,0.5
148,YITDHIVSV,1,9,9,HLA-A*02:01,148,0.4,0.4,18.131344095791352,0.4,20.09601748846485,0.4,4.63,0.02,0.00012676518658578449,6.9,10.92,0.03
280,YMMDHVHTC,1,9,9,HLA-A*02:01,280,0.4,0.4,18.42595473733677,0.4,15.92612059696723,0.4,13.62,0.12,0.00018420440010025047,9.8,17.3,0.32
487,FMDDHYHTA,1,9,9,HLA-A*02:01,487,0.4,0.4,15.1506058510326,0.4,14.424806630509504,0.4,8.93,0.07,0.0002454708915685031,14,15.48,0.2
853,YLMVHKHTL,1,9,9,HLA-A*02:01,853,0.4,0.4,23.143551259780523,0.5,19.369124914637332,0.4,11.7,0.1,0.00035645113342624356,18,13.55,0.14
494,YMDDDINTA,1,9,9,HLA-A*02:01,494,0.4,0.4,15.937859720609314,0.4,15.962834096600577,0.4,8.61,0.07,0.0004168693834703355,20,27.03,0.88
495,YMDDDVNTA,1,9,9,HLA-A*02:01,495,0.4,0.4,18.72535241671309,0.4,18.797928786478447,0.4,10.75,0.09,0.0005370317963702533,23,30.18,1.2
840,KMMTPIHTL,1,9,9,HLA-A*02:01,840,0.4,0.4,21.698514366511855,0.5,19.50338527449481,0.4,7.14,0.05,0.0005888436553555889,25,13.65,0.14
17,YMMMDPFEC,1,9,9,HLA-A*02:01,17,0.4,0.4,20.72192034769839,0.4,16.986738454970567,0.4,15.76,0.15,0.0005960737545096835,25,102.44,2.9
849,YMMVPKWTL,1,9,9,HLA-A*02:01,849,0.4,0.4,20.769689307531127,0.4,17.262750751000215,0.4,5.53,0.03,0.0013867558288718866,42,14.84,0.2
151,FITDSIVSV,1,9,9,HLA-A*02:01,151,0.4,0.5,19.517761195472104,0.4,21.732515597902996,0.5,4.8,0.02,0.000016330519478943346,1,12.75,0.11
434,FYMDHVHHV,1,9,9,HLA-A*02:01,434,0.47,0.47,20.390599754832827,0.4,20.898253839108012,0.5,51.41,0.47,0.000004701105526734299,0.4,29.04,0.99
89,FLDPPEVHV,1,9,9,HLA-A*02:01,89,0.49,0.2,30.649966205234144,0.6,28.51740477300159,0.5,18.44,0.17,0.00000229086765276777,0.2,20.37,0.49
584,FADDWIQTV,1,9,9,HLA-A*02:01,584,0.5,0.2,28.93543395384732,0.5,31.63078717085715,0.6,13.43,0.12,0.000003077513735907874,0.2,27.63,0.9
770,FFDEWIIQV,1,9,9,HLA-A*02:01,770,0.5,0.39,22.10191986729744,0.5,25.357708202560627,0.5,44.13,0.39,0.0000033566031669993274,0.3,55.79,2
28,FMMDEVVEC,1,9,9,HLA-A*02:01,28,0.5,0.4,22.461047175073922,0.5,20.70665749626617,0.4,9.91,0.08,0.000016043532559702052,1,40.1,1.5
23,FMMMWPVEC,1,9,9,HLA-A*02:01,23,0.5,0.4,21.107169610108965,0.5,18.92822980392612,0.4,16.93,0.16,0.0001217026402404052,6.7,90.36,2.8
981,FLMAWIPEN,1,9,9,HLA-A*02:01,981,0.5,0.5,19.74376621849068,0.4,20.898253839108044,0.5,57.41,0.52,3.0005440024430994e-7,0.1,207.55,4.2
983,FLMAWVIEN,1,9,9,HLA-A*02:01,983,0.5,0.5,22.255123056806685,0.5,24.049718646305084,0.5,114.46,0.93,3.52533181195887e-7,0.1,351.08,5.2
891,FLDEWIPYD,1,9,9,HLA-A*02:01,891,0.5,0.5,28.670152300806734,0.5,26.922166139400275,0.5,101.89,0.86,0.0000014031367515451237,0.2,868.53,7.2
984,FMMAWVIEN,1,9,9,HLA-A*02:01,984,0.5,0.5,22.357848037456794,0.5,23.9392202263121,0.5,100.78,0.85,0.0000022761453931416425,0.2,335.61,5.1
977,YLMAWIPEN,1,9,9,HLA-A*02:01,977,0.5,0.5,22.826009832175863,0.5,23.939220226312123,0.5,61.41,0.54,0.000002329163630213964,0.2,250.52,4.6
530,YLMDWVIEH,1,9,9,HLA-A*02:01,530,0.5,0.5,19.653051852807696,0.4,21.434334305372047,0.5,121.94,0.97,0.0000026804024115654633,0.2,339.42,5.1
531,YLMDWVPEH,1,9,9,HLA-A*02:01,531,0.5,0.5,20.48471848695183,0.4,21.933604088890192,0.5,100.67,0.85,0.000002939002801171142,0.2,380.1,5.3
182,FLMHPVWEC,1,9,9,HLA-A*02:01,182,0.5,0.5,27.37978288737587,0.5,22.238730915966343,0.5,9.76,0.08,0.000007333309252741515,0.5,36.73,1.4
92,FLDPHPGHV,1,9,9,HLA-A*02:01,92,0.5,0.5,22.512825236291384,0.5,22.13655322877578,0.5,18.99,0.18,0.00000776247116628691,0.5,20.13,0.48
751,FFMEEVHHV,1,9,9,HLA-A*02:01,751,0.5,0.5,26.880045530015003,0.5,28.715077979400906,0.5,20.49,0.19,0.000008431405951147719,0.6,25.12,0.78
573,FAFWHITEV,1,9,9,HLA-A*02:01,573,0.5,0.5,23.901766533361904,0.5,25.710469062764567,0.5,10.11,0.09,0.000009510426641573905,0.7,14.02,0.16
629,YLMEEVQET,1,9,9,HLA-A*02:01,629,0.5,0.5,24.91322785101265,0.5,26.008182263277433,0.5,5.93,0.03,0.000013031667784523,0.9,22.84,0.63
481,FLDDDQHRA,1,9,9,HLA-A*02:01,481,0.5,0.5,22.668876685747893,0.5,21.188977509486907,0.5,42.45,0.38,0.000015488166189124828,1,33.35,1.3
150,FITDEIVSV,1,9,9,HLA-A*02:01,150,0.5,0.5,26.389429407375754,0.5,29.93022626431741,0.5,5.57,0.03,0.000015958791472367336,1,15.15,0.2
69,YLMPWIVSP,1,9,9,HLA-A*02:01,69,0.5,0.5,23.357695902997154,0.5,25.416163757077445,0.5,23.12,0.2,0.000018496944778405067,1.1,44.69,1.6
278,FMMDEVHTC,1,9,9,HLA-A*02:01,278,0.5,0.5,26.818223140849128,0.5,23.71974413605311,0.5,17.04,0.16,0.000023189960025050614,1.4,26.41,0.85
828,GLMTEIPHL,1,9,9,HLA-A*02:01,828,0.5,0.5,26.695004598143274,0.5,26.6753422366282,0.5,5.62,0.03,0.000024603676041476273,1.5,15.05,0.2
763,FFDEWPHEV,1,9,9,HLA-A*02:01,763,0.5,0.5,24.34613355016254,0.5,26.128230578126985,0.5,42.57,0.38,0.000024882843036797008,1.5,71.87,2.4
145,YYMDHVVSV,1,9,9,HLA-A*02:01,145,0.5,0.5,24.684822005175526,0.5,26.00818226327738,0.5,32.16,0.29,0.000025246431459482462,1.5,37.68,1.4
188,FLMHWPHHC,1,9,9,HLA-A*02:01,188,0.5,0.5,29.270490487806185,0.5,25.299387092088427,0.5,26.7,0.24,0.00004627005332361815,2.7,31.56,1.2
572,YAFWHITEV,1,9,9,HLA-A*02:01,572,0.5,0.5,27.633124899237085,0.5,29.451675042031894,0.5,9.89,0.08,0.00007382441258430447,4.3,13.35,0.14
220,YMMDEIVSC,1,9,9,HLA-A*02:01,220,0.5,0.5,28.604212780317223,0.5,26.06813731536769,0.5,8.85,0.07,0.00012453745890007257,6.8,28.11,0.94
760,YFDEWIHHV,1,9,9,HLA-A*02:01,760,0.5,0.5,21.79867015818034,0.5,23.719744136053183,0.5,32.74,0.29,0.0001276144931749161,7,50.63,1.9
155,FITDHITQV,1,9,9,HLA-A*02:01,155,0.5,0.6,28.868884302486695,0.5,31.850041313047402,0.6,8.16,0.06,0.000027733201046518382,1.7,11.11,0.04
197,FLMDEIHKC,1,9,9,HLA-A*02:01,197,0.6,0.2,36.34377205854629,0.7,31.340794370989624,0.6,19.1,0.18,0.000003275668919368471,0.2,30.56,1.2
717,YLMDHIIQP,1,9,9,HLA-A*02:01,717,0.6,0.4,33.91798158082377,0.6,35.572140582835225,0.6,29.17,0.26,0.000005849247525411838,0.4,27.48,0.9
31,FMMDTVQEC,1,9,9,HLA-A*02:01,31,0.6,0.4,33.22232328369365,0.6,30.137692681441237,0.6,22.25,0.2,0.000005960737545096841,0.4,43.47,1.6
711,FLMDDIHQP,1,9,9,HLA-A*02:01,711,0.6,0.47,33.76214261118134,0.6,34.285461526168675,0.6,52.12,0.47,0.000004046690594650865,0.3,35.94,1.4
731,FLMEHVHTP,1,9,9,HLA-A*02:01,731,0.6,0.5,31.873517938802127,0.6,31.850041313047434,0.6,39.92,0.36,0.0000067158347293333035,0.5,26.58,0.85
26,FMMDPVVEC,1,9,9,HLA-A*02:01,26,0.6,0.5,31.873517938802177,0.6,28.06144300411912,0.5,15.19,0.14,0.000019288568602156247,1.2,38.22,1.5
547,FMDDHVIEF,1,9,9,HLA-A*02:01,547,0.6,0.6,34.548563938405294,0.6,36.653039930951316,0.7,30.28,0.27,0.000009036494737223004,0.6,33.86,1.4
878,WLDDPIPTL,1,9,9,HLA-A*02:01,878,0.6,0.6,32.84203049378863,0.6,32.51696473421095,0.6,11.19,0.1,0.00001633051947894338,1,23.03,0.64
485,FLDDPYHTA,1,9,9,HLA-A*02:01,485,0.6,0.6,36.01057035350885,0.7,33.505029141020444,0.6,16.93,0.16,0.00004466835921509626,2.6,20.29,0.49
137,YIHDEIVSV,1,9,9,HLA-A*02:01,137,0.6,0.6,32.84203049378859,0.6,34.922875846016176,0.6,6.32,0.04,0.0000918332596483581,5.2,13.17,0.13
486,FMDDPYHTA,1,9,9,HLA-A*02:01,486,0.6,0.6,36.176787594066056,0.7,33.35108751549247,0.6,21.74,0.2,0.0002884031503126609,15,19.38,0.43
852,YLMVEKHTL,1,9,9,HLA-A*02:01,852,0.6,0.6,38.943053385887424,0.7,33.045322907264364,0.6,14.96,0.14,0.00034833731503601127,17,16.22,0.24
496,YMDDEVNTA,1,9,9,HLA-A*02:01,496,0.6,0.6,30.86242162128784,0.6,31.413042363565197,0.6,10.95,0.09,0.0004466835921509635,21,29.17,0.99
29,FMMDEVQEC,1,9,9,HLA-A*02:01,29,0.7,0.4,44.20078678828663,0.8,39.82080176444501,0.7,21.87,0.2,0.000006099580958722392,0.4,55.3,2
729,FLMEHIHQP,1,9,9,HLA-A*02:01,729,0.7,0.5,37.10479188144179,0.7,37.24860391956671,0.7,40.88,0.36,0.000006267581644592098,0.5,24.04,0.71
710,FLMEDIHQP,1,9,9,HLA-A*02:01,710,0.7,0.5,37.88174706652013,0.7,38.02857045447429,0.7,48.64,0.44,0.000007363766349615136,0.5,36.6,1.4
185,FLMHWVQHC,1,9,9,HLA-A*02:01,185,0.7,0.5,42.40626275818328,0.7,38.11623536313407,0.7,27.49,0.25,0.000008040813701206129,0.5,42.54,1.6
894,FLDEDIYYD,1,9,9,HLA-A*02:01,894,0.7,0.6,39.57582709980178,0.7,35.40870144294427,0.6,242.33,1.8,0.0000023828680818473,0.2,1157,8
183,FLMHPVWHC,1,9,9,HLA-A*02:01,183,0.7,0.6,42.30873106031546,0.7,34.52311699189936,0.6,16.39,0.16,0.000015678337172957304,1,32.98,1.3
287,YMDDEIWHC,1,9,9,HLA-A*02:01,287,0.7,0.6,38.943053385887424,0.7,34.12793413954564,0.6,11.61,0.1,0.00032011055915349696,16,57.27,2
842,KMDTPIYTL,1,9,9,HLA-A*02:01,842,0.7,0.6,37.620970953983836,0.7,34.44371602617144,0.6,14.24,0.13,0.0005011872336272725,22,23.98,0.7
546,FMDDHVPEF,1,9,9,HLA-A*02:01,546,0.7,0.7,36.01057035350881,0.7,37.50679890712914,0.7,29.79,0.27,0.000009908319448927686,0.7,34.42,1.4
191,FLMDKPHHC,1,9,9,HLA-A*02:01,191,0.7,0.7,41.536509690250384,0.7,35.736334123519185,0.7,49.56,0.45,0.000011893234993151858,0.8,39,1.5
311,FLDHWIFAP,1,9,9,HLA-A*02:01,311,0.7,0.7,35.10993294296402,0.6,35.81871488170529,0.7,67.62,0.61,0.000017262353266051003,1.1,306.68,4.9
627,YLMEEVQTT,1,9,9,HLA-A*02:01,627,0.7,0.7,37.19032726055943,0.7,38.82486908593215,0.7,7.21,0.05,0.000021627185237270203,1.3,19.82,0.47
628,YLMEEVQHT,1,9,9,HLA-A*02:01,628,0.7,0.7,38.49727594000936,0.7,40.37476429813409,0.7,7.51,0.06,0.000027861211686297722,1.7,20.57,0.52
712,YLMDDIHQP,1,9,9,HLA-A*02:01,712,0.7,0.7,39.03282639542224,0.7,39.27443988165924,0.7,60.77,0.54,0.00003141231905986178,1.8,37.13,1.4
571,YAFWNITEV,1,9,9,HLA-A*02:01,571,0.7,0.7,36.68005684100099,0.7,39.45572245945436,0.7,14.09,0.12,0.000052263681673693605,3,17.17,0.32
642,FMMHWHQET,1,9,9,HLA-A*02:01,642,0.7,0.7,41.345666763549424,0.7,39.27443988165922,0.7,24.09,0.21,0.00007852356346100726,4.5,21.95,0.6
136,YIHDEVVSV,1,9,9,HLA-A*02:01,136,0.7,0.7,38.58602132640171,0.7,41.12538720879414,0.7,7.64,0.06,0.00011830415557251658,6.5,13.97,0.16
615,YLDELVTTT,1,9,9,HLA-A*02:01,615,0.7,0.7,40.4976665349419,0.7,40.56112574267389,0.7,12.08,0.1,0.00018407720014689544,9.8,27.68,0.9
762,FFDEWPHHV,1,9,9,HLA-A*02:01,762,0.73,0.73,37.62097095398376,0.7,40.561125742673866,0.7,80.83,0.73,0.000053198575091706496,3.1,69.51,2.3
550,FLDDEIIEF,1,9,9,HLA-A*02:01,550,0.8,0.36,49.25269509864127,0.8,53.34699979843657,0.9,40.01,0.36,0.0000010616955571987241,0.2,45.28,1.7
730,FLMEHVHQP,1,9,9,HLA-A*02:01,730,0.8,0.58,43.59432925804607,0.8,43.864178480992315,0.8,64.11,0.58,0.000008074209243845875,0.5,27.44,0.9
190,FLMDEPHHC,1,9,9,HLA-A*02:01,190,0.8,0.7,46.92777895781198,0.8,41.22019101735627,0.7,46.44,0.42,0.000011622511912882104,0.8,42.08,1.5
635,YLMEPHIET,1,9,9,HLA-A*02:01,635,0.8,0.7,43.7955515392285,0.8,40.8422820345785,0.7,17.34,0.16,0.00002600159563165272,1.5,27.22,0.89
18,YMMMDPIEC,1,9,9,HLA-A*02:01,18,0.8,0.7,48.576922787838775,0.8,39.82080176444503,0.7,42.69,0.38,0.0002987445560605302,16,211.23,4.2
890,FLDEWIPED,1,9,9,HLA-A*02:01,890,0.8,0.8,49.026399520350544,0.8,43.36206938196926,0.8,277.37,2,0.0000018496944778405068,0.2,922.16,7.3
542,FMDDWIPFH,1,9,9,HLA-A*02:01,542,0.8,0.8,42.114340098706826,0.7,45.30123063059844,0.8,294.39,2,0.000003374426709754134,0.3,883.76,7.2
722,FLDDWIHQP,1,9,9,HLA-A*02:01,722,0.8,0.8,45.859572294360746,0.8,48.65304206329166,0.8,131.43,1.2,0.000008454735002167491,0.6,78.2,2.5
103,ALDSPIVHV,1,9,9,HLA-A*02:01,103,0.8,0.8,46.39060111412179,0.8,43.46202927544512,0.8,27.73,0.25,0.000010964781961431852,0.8,23.01,0.64
67,MLMPWILSP,1,9,9,HLA-A*02:01,67,0.8,0.8,45.43912920837196,0.8,49.557569648303534,0.9,55.44,0.5,0.000011405123700072431,0.8,87.83,2.7
438,FYDDWVHHV,1,9,9,HLA-A*02:01,438,0.8,0.8,28.276783064208114,0.5,30.276801950333386,0.6,181.66,1.4,0.00001153984565005087,0.8,70.63,2.3
437,FYDDFVHHV,1,9,9,HLA-A*02:01,437,0.8,0.8,44.91899179745254,0.8,46.24981501132558,0.8,204.89,1.6,0.000011808643185698618,0.8,64.02,2.2
752,FFMEEPHHV,1,9,9,HLA-A*02:01,752,0.8,0.8,45.64886669923066,0.8,47.76502396730136,0.8,57.16,0.51,0.000021178734207237057,1.3,40.36,1.5
646,FMMHEIQET,1,9,9,HLA-A*02:01,646,0.8,0.8,47.36199635034044,0.8,45.931433524247,0.8,12.22,0.1,0.000025409727055493064,1.5,24.09,0.71
410,YVMDWIPTC,1,9,9,HLA-A*02:01,410,0.8,0.8,43.89651071227936,0.8,43.562219600273636,0.8,21.57,0.2,0.000030012349827811924,1.7,32.37,1.3
678,YTDDNIHKV,1,9,9,HLA-A*02:01,678,0.8,0.8,50.28402110521861,0.9,47.10966326963235,0.8,23.87,0.21,0.000059156163417547426,3.5,22.54,0.63
102,AMDSPIVHV,1,9,9,HLA-A*02:01,102,0.8,0.8,46.604730399753294,0.8,43.262339389868664,0.8,25.47,0.22,0.00007079457843841373,4,22.3,0.62
312,FLDHWVFAP,1,9,9,HLA-A*02:01,312,0.84,0.84,41.250574368779276,0.7,42.18033260853476,0.7,99.48,0.84,0.000022238218856158727,1.4,437.67,5.7
909,FLDEEVHYS,1,9,9,HLA-A*02:01,909,0.9,0.7,53.38632180549756,0.9,54.33879457321212,1,16.55,0.16,0.000010280162981264747,0.7,57.34,2
277,FMMDEVSTC,1,9,9,HLA-A*02:01,277,0.9,0.8,53.263536672596295,0.9,47.43621185513748,0.8,32.27,0.29,0.00001497269576131849,0.9,42.84,1.6
658,YMDFHVPET,1,9,9,HLA-A*02:01,658,0.9,0.8,51.33694254590801,0.9,48.7651989084616,0.8,14.65,0.13,0.0003198895109691394,16,37.46,1.4
736,FLDEHVFEN,1,9,9,HLA-A*02:01,736,0.9,0.9,52.77521363317579,0.9,52.49404026069853,0.9,321.83,2.2,0.000006126324544438652,0.4,303.51,4.8
68,MLMPWIVSP,1,9,9,HLA-A*02:01,68,0.9,0.9,47.0359586607768,0.8,51.89314595075941,0.9,60.19,0.53,0.00001339985194899796,0.9,79.5,2.5
713,YLMDNIHQP,1,9,9,HLA-A*02:01,713,0.9,0.9,50.74929342398279,0.9,51.53591604674903,0.9,65.49,0.59,0.000018927793970345985,1.1,31.66,1.2
645,YMMHEIQET,1,9,9,HLA-A*02:01,645,0.9,0.9,54.755783795286085,1,52.61505152117031,0.9,14.06,0.12,0.00019724227361148515,12,24.12,0.71
490,TMDDVVHTA,1,9,9,HLA-A*02:01,490,0.9,0.9,52.411911617950224,0.9,51.65471860279937,0.9,20.38,0.19,0.0004325138310350088,20,22.7,0.63
564,FACWFLTEV,1,9,9,HLA-A*02:01,564,0.9,1.2,50.866282627610246,0.9,61.1096786564014,1.2,39.7,0.36,0.00003374426709754134,2,18.64,0.37
30,FMMDPVQEC,1,9,9,HLA-A*02:01,30,1,0.5,62.72345895649398,1.2,53.96472894250532,1,34.97,0.31,0.000007333309252741515,0.5,45.06,1.6
25,FMMDPPVEC,1,9,9,HLA-A*02:01,25,1,0.8,54.128999521196334,1,46.677759280693245,0.8,42.76,0.38,0.000048450693754997926,2.8,50.84,1.9
19,YMMMDPHEC,1,9,9,HLA-A*02:01,19,1,0.8,54.75578379528606,1,43.06356699597569,0.8,78.34,0.7,0.0013655260828700734,41,179.12,3.9
980,FLMAHIPEN,1,9,9,HLA-A*02:01,980,1,0.9,54.25377975201117,1,52.97976163493566,0.9,197.7,1.5,4.2383810577435024e-7,0.1,234.03,4.5
657,YMDFHVHET,1,9,9,HLA-A*02:01,657,1,0.9,55.51751262497656,1,51.535916046749,0.9,19.15,0.18,0.0013335214321633228,41,31.21,1.2
732,FLMEHVHTN,1,9,9,HLA-A*02:01,732,1,1,54.629848987210785,1,54.089130490527154,1,282.18,2,0.000006717381285473813,0.5,85.77,2.7
647,FMMHEVQET,1,9,9,HLA-A*02:01,647,1,1,55.64549370906992,1,54.089130490527126,1,16.5,0.16,0.00003273406948788386,1.9,27.13,0.88
135,YIHDPVVSV,1,9,9,HLA-A*02:01,135,1,1,54.755783795286085,1,55.73268932419456,1,14.24,0.13,0.00014223287871228184,7.8,14.63,0.19
753,YFMEEPHHV,1,9,9,HLA-A*02:01,753,1,1,52.77521363317576,0.9,54.71545310299991,1,71.28,0.65,0.0001643993136221321,8.7,48.29,1.8
715,YLMDEIIQP,1,9,9,HLA-A*02:01,715,1.1,0.42,57.0729078099181,1.1,60.68900258751849,1.2,46.43,0.42,0.00000571610239641612,0.4,46.95,1.7
549,FLDDEVIEF,1,9,9,HLA-A*02:01,549,1.1,0.51,57.86687104557581,1.1,62.82174563205217,1.2,56.96,0.51,0.0000013677288255958495,0.2,47.3,1.7
548,FMDDEVIEF,1,9,9,HLA-A*02:01,548,1.1,0.6,58.13397238638916,1.1,62.53310592962426,1.2,52.72,0.48,0.000008830799004185623,0.6,49.25,1.8
724,FLDDSIFQP,1,9,9,HLA-A*02:01,724,1.1,0.8,59.351267754036655,1.1,60.271222432324194,1.2,91.35,0.8,0.000005213147344399793,0.4,122.09,3.2
532,YLMDDVPEH,1,9,9,HLA-A*02:01,532,1.1,1.1,57.46851830726599,1.1,56.76883737872023,1.1,429.21,2.6,0.000004877530569745941,0.4,458.19,5.8
315,FLDDWVHQP,1,9,9,HLA-A*02:01,315,1.1,1.1,53.88029935921701,1,57.294112963691354,1.1,202.54,1.6,0.000010891808576226527,0.8,96.54,2.9
436,FYDDIVHHV,1,9,9,HLA-A*02:01,436,1.1,1.1,56.81068161799672,1.1,57.558570573318256,1.1,372.45,2.4,0.00001236516739349173,0.8,57.89,2
101,GMDSPIVHV,1,9,9,HLA-A*02:01,101,1.1,1.1,62.43527084032023,1.2,58.35929005101578,1.1,31.44,0.28,0.00007430191378967006,4.3,24.94,0.76
636,YLMEPHVET,1,9,9,HLA-A*02:01,636,1.1,1.1,61.72058020494265,1.2,57.55857057331849,1.1,23.06,0.2,0.00013645831365889224,7.4,29,0.98
919,FCDDWIIQV,1,9,9,HLA-A*02:01,919,1.2,0.39,61.86286083662113,1.2,69.52003786742398,1.3,43.72,0.39,0.0000018552395755492838,0.2,87.08,2.7
250,FLDDDISEC,1,9,9,HLA-A*02:01,250,1.2,0.49,69.8924074431864,1.3,59.581303454230785,1.2,54.26,0.49,0.00000452168183234497,0.4,129.84,3.3
700,FGMENIFEA,1,9,9,HLA-A*02:01,700,1.2,0.51,62.579199004065394,1.2,72.96422938337767,1.3,55.81,0.51,0.000007430191378967006,0.5,64.63,2.2
893,FLDEEIYYD,1,9,9,HLA-A*02:01,893,1.2,1.1,65.22738983940937,1.2,59.17114864623422,1.1,300.37,2.1,0.0000019819833417974983,0.2,1206.25,8.1
979,YLMAHIPEN,1,9,9,HLA-A*02:01,979,1.2,1.2,62.723458956493886,1.2,60.689002587518516,1.2,229.75,1.7,0.000003290031075247056,0.2,290.47,4.8
714,YLMDEIHQP,1,9,9,HLA-A*02:01,714,1.2,1.2,64.33243649987911,1.2,65.6311478685509,1.2,75.07,0.68,0.00002612762896031094,1.5,37.17,1.4
673,YTDDDIQHV,1,9,9,HLA-A*02:01,673,1.2,1.2,61.57862680963619,1.2,60.410161949276706,1.2,26.01,0.23,0.00004698941086052151,2.7,32.73,1.3
758,YFDEEIHEV,1,9,9,HLA-A*02:01,758,1.2,1.2,65.22738983940933,1.2,66.08608125193967,1.2,69.95,0.64,0.00008239483720449885,4.7,67.64,2.3
568,YACWPIFEV,1,9,9,HLA-A*02:01,568,1.2,1.3,59.62522075874617,1.2,67.78131653445885,1.3,38.72,0.35,0.00007730364996011321,4.5,24.79,0.76
570,YAFWPITEV,1,9,9,HLA-A*02:01,570,1.2,1.3,65.98268741654739,1.2,68.09418087637525,1.3,19.96,0.19,0.00008673612184014623,4.9,20.9,0.54
920,FCDDWIHQV,1,9,9,HLA-A*02:01,920,1.3,0.6,69.73165936677896,1.3,75.18132924535055,1.4,51.76,0.47,0.000008480080988896916,0.6,60.09,2.1
249,FLDDDVSEC,1,9,9,HLA-A*02:01,249,1.3,0.76,82.11641861383708,1.4,70.16329885785808,1.3,84.72,0.76,0.0000058250545934174,0.4,148.24,3.5
20,YMMMDPVEC,1,9,9,HLA-A*02:01,20,1.3,1,68.4589131467055,1.3,56.1190098708104,1,62.02,0.55,0.0015678337172957257,44,248.38,4.6
306,FMDDHPFAP,1,9,9,HLA-A*02:01,306,1.3,1.2,67.05481983916204,1.3,66.69756823301812,1.2,146.06,1.2,0.00009270432584045259,5.2,156.93,3.6
272,FMDHWISEC,1,9,9,HLA-A*02:01,272,1.3,1.2,72.18218096307358,1.3,60.82890518719291,1.2,46.55,0.42,0.00009667184338344556,5.5,90.31,2.8
528,YLDDWIIEH,1,9,9,HLA-A*02:01,528,1.3,1.3,63.74263317686565,1.2,66.85132200701226,1.3,687.42,3.4,0.000007214396379258076,0.5,784.52,7
677,YTDDNITKV,1,9,9,HLA-A*02:01,677,1.3,1.3,73.35504705227945,1.4,70.16329885785797,1.3,34.04,0.31,0.00007447319739059889,4.3,26.98,0.87
841,KMDTPIHTL,1,9,9,HLA-A*02:01,841,1.3,1.3,82.68562243496453,1.4,71.63248211116915,1.3,34.17,0.31,0.0020417379446695297,50,24.68,0.75
586,FADDDIQTV,1,9,9,HLA-A*02:01,586,1.4,0.4,81.17643974285333,1.4,81.86721187207124,1.4,39.04,0.35,0.000005107401503571949,0.4,40.97,1.5
331,ELDDTIHAV,1,9,9,HLA-A*02:01,331,1.4,0.7,73.18633512576577,1.4,77.82336404886532,1.4,43.76,0.39,0.000009440608762859246,0.7,36.4,1.4
716,YLMDPIIQP,1,9,9,HLA-A*02:01,716,1.4,0.85,80.98973911233236,1.4,82.2450937527497,1.4,101.62,0.85,0.0000068722666158424666,0.5,56.92,2
766,FFDEEIHTV,1,9,9,HLA-A*02:01,766,1.4,1.1,84.22286292814897,1.4,86.1211856056269,1.5,87.2,0.77,0.000017615703831392663,1.1,57.15,2
203,YLMDWKTKC,1,9,9,HLA-A*02:01,203,1.4,1.2,77.88072755350858,1.4,66.08608125193948,1.2,112.92,0.91,0.00013100865862570248,7.2,56.95,2
898,FLDEEVYYD,1,9,9,HLA-A*02:01,898,1.4,1.3,76.63550083740962,1.4,69.680298105893,1.3,477.3,2.7,0.0000025532891515338886,0.2,1506.25,8.7
193,KLMDKIHHC,1,9,9,HLA-A*02:01,193,1.4,1.3,79.694802739232,1.4,68.40848933447971,1.3,58.41,0.52,0.000028529883615207154,1.7,35.86,1.4
978,YLMASIPEN,1,9,9,HLA-A*02:01,978,1.4,1.4,78.06026117219935,1.4,75.18132924535067,1.4,243.04,1.8,0.000003290031075247056,0.2,798.26,7
757,YFDEEVHEV,1,9,9,HLA-A*02:01,757,1.4,1.4,76.63550083740958,1.4,77.82336404886556,1.4,111.39,0.91,0.00010614511209052426,5.9,76.34,2.5
659,YMDFHVPHT,1,9,9,HLA-A*02:01,659,1.4,1.4,79.32863838139276,1.4,75.70246132351781,1.4,20.95,0.19,0.0006839116472814286,27,33.5,1.3
660,YMDFDVPHT,1,9,9,HLA-A*02:01,660,1.4,1.4,80.98973911233236,1.4,77.28763177903286,1.4,30.9,0.28,0.0008035261221856169,30,51.87,1.9
585,FADDEIQTV,1,9,9,HLA-A*02:01,585,1.5,0.4,133.7919550621077,2.1,136.8075293792044,2.1,45.34,0.4,0.000004248151535146456,0.3,37.97,1.5
274,FMMHEISEC,1,9,9,HLA-A*02:01,274,1.5,1.3,87.58505358283878,1.5,71.63248211116918,1.3,48.99,0.45,0.0000384857540415743,2.2,74.64,2.5
22,FMMMKPVEC,1,9,9,HLA-A*02:01,22,1.5,1.3,86.38334159666438,1.5,70.97575156770614,1.3,79.28,0.71,0.00017190954861928817,9.2,285.69,4.8
986,FLDAWVIEN,1,9,9,HLA-A*02:01,986,1.5,1.5,84.80666792371768,1.4,88.33035990746613,1.5,884.91,3.9,0.0000012223624492787327,0.2,1678.61,9
985,FMDAWVIEN,1,9,9,HLA-A*02:01,985,1.5,1.5,85.19811771706311,1.4,87.92451876850195,1.5,827.71,3.8,0.000007892234847899742,0.5,1489.95,8.7
527,YLDDWIISH,1,9,9,HLA-A*02:01,527,1.5,1.5,82.49545078057146,1.4,86.51870293690922,1.5,792.26,3.7,0.000009293942901315793,0.6,863.35,7.2
674,YTDDDIQKV,1,9,9,HLA-A*02:01,674,1.5,1.5,95.15464645826954,1.6,89.97254390546568,1.5,50.86,0.46,0.00004285485203974392,2.5,34.43,1.4
310,FLDHWPFAP,1,9,9,HLA-A*02:01,310,1.5,1.5,70.05352608218057,1.3,70.16329885785811,1.3,195.94,1.5,0.00005585988020572553,3.2,615.31,6.5
676,YTDDEITKV,1,9,9,HLA-A*02:01,676,1.5,1.5,92.98866226591204,1.5,89.35317726977503,1.5,38.76,0.35,0.00010280162981264725,5.8,30.57,1.2
563,FACWHLTEV,1,9,9,HLA-A*02:01,563,1.5,1.6,87.98932782169912,1.5,101.41682261588019,1.6,64.29,0.58,0.00004658005532200289,2.7,23.19,0.64
251,FLDDEISEC,1,9,9,HLA-A*02:01,251,1.6,0.57,115.19403740103735,1.8,99.56575699076328,1.6,63.38,0.57,0.000003760971132597687,0.3,117.92,3.1
65,MLMPHIHSP,1,9,9,HLA-A*02:01,65,1.6,1.3,103.37844611848715,1.7,100.95085464242617,1.6,156.33,1.3,0.00001648541938636161,1,69.67,2.3
16,SMMMDPFEC,1,9,9,HLA-A*02:01,16,1.6,1.4,96.03510156161538,1.6,77.28763177903282,1.4,98.04,0.83,0.0006099580958722386,25,380.95,5.3
21,YMMMKPVEC,1,9,9,HLA-A*02:01,21,1.6,1.4,99.8688387413656,1.6,81.30364194963076,1.4,95.4,0.82,0.001334442914366625,41,370.91,5.3
759,YFDEEIHHV,1,9,9,HLA-A*02:01,759,1.6,1.6,100.79291372885005,1.6,102.59117407454542,1.6,151.01,1.3,0.00017615703831392647,9.4,64.85,2.2
913,FCDEEIHYV,1,9,9,HLA-A*02:01,913,1.7,0.5,103.61675804891355,1.7,108.92059372274558,1.8,26.41,0.23,0.000008098414473257889,0.5,73.77,2.5
275,FMMHEVSEC,1,9,9,HLA-A*02:01,275,1.7,1.4,102.90346530372499,1.7,84.35483883223525,1.4,80.81,0.73,0.00004957925539063035,2.8,93.17,2.8
252,FLDDEVSEC,1,9,9,HLA-A*02:01,252,1.8,0.85,135.3411928860916,2.1,117.2492301904439,1.8,101.31,0.85,0.000004845069375499793,0.4,135.14,3.4
767,FFDEEIHQV,1,9,9,HLA-A*02:01,767,1.8,1.5,115.19403740103722,1.8,118.6069122884423,1.9,189.54,1.5,0.0000211787342072371,1.3,57.24,2
64,MLMPHLHSP,1,9,9,HLA-A*02:01,64,1.8,1.7,109.25215193331799,1.8,105.9522051559395,1.7,157.08,1.3,0.00003141231905986185,1.8,68.12,2.3
253,FMDDEVSEC,1,9,9,HLA-A*02:01,253,1.8,1.8,135.96589944848168,2.1,116.71051891186389,1.8,121.69,0.97,0.00003128239532257742,1.8,137.61,3.4
764,FFDEEPHEV,1,9,9,HLA-A*02:01,764,1.8,1.8,112.57190098046962,1.8,113.0082110551176,1.8,216.76,1.6,0.00003434788498657803,2,97.26,2.9
307,FMDDEPFAP,1,9,9,HLA-A*02:01,307,1.8,1.8,112.83140601311132,1.8,113.79154655168638,1.8,235.4,1.7,0.00009059411775490588,5.1,388.32,5.4
756,YFDEEVHGV,1,9,9,HLA-A*02:01,756,1.8,1.8,111.79696146495637,1.8,114.31678446602349,1.8,194.82,1.5,0.0001431858163786479,7.8,89.81,2.8
958,YHMAEVWTV,1,9,9,HLA-A*02:01,958,1.9,0.9,120.90102978015152,1.9,126.7972982914933,2,106.37,0.87,0.000014736691770366892,0.9,386.75,5.4
918,FCDDWPIQV,1,9,9,HLA-A*02:01,918,1.9,0.96,123.43263492347432,1.9,136.17895587853803,2.1,120.73,0.96,0.0000060034375873256385,0.4,141.36,3.4
987,FLDAWVVEN,1,9,9,HLA-A*02:01,987,1.9,1.9,119.51708713637905,1.9,124.48298677816469,1.9,1211.54,4.7,0.0000064150493251066276,0.5,1763.24,9.2
318,FLDGWVHQP,1,9,9,HLA-A*02:01,318,1.9,1.9,124.00237407979087,1.9,124.48298677816469,1.9,628.69,3.2,0.000025532891515338832,1.5,155.81,3.6
66,MLMPHILSP,1,9,9,HLA-A*02:01,66,2,1.1,124.86191747374954,2,125.63481367330846,2,127.94,1.1,0.000016110165427419074,1,112.41,3
959,YHMAEVWHV,1,9,9,HLA-A*02:01,959,2,1.2,125.14975392038983,2,131.85906746596623,2,140.39,1.2,0.00001898453656661502,1.1,282.87,4.8
415,FVMDHIPVC,1,9,9,HLA-A*02:01,415,2,1.3,133.48424210440876,2.1,125.34586162019447,2,156.72,1.3,0.000005851941823780815,0.4,150.16,3.5
960,YHMAEVFHV,1,9,9,HLA-A*02:01,960,2,1.5,126.59891977154851,2,134.31051055768,2.1,188.3,1.5,0.00001615846120949001,1,303.55,4.8
199,FLMDHKHKC,1,9,9,HLA-A*02:01,199,2,1.6,126.89076042202669,2,98.19966359133204,1.6,402.71,2.5,0.00001893651254896675,1.1,66.06,2.2
14,SMMMDIHEC,1,9,9,HLA-A*02:01,14,2,1.6,127.18327383468528,2,100.02533164394208,1.6,139.71,1.2,0.0004318172626237268,20,207.01,4.2
892,FLDEEIPYD,1,9,9,HLA-A*02:01,892,2,1.8,132.56534304519363,2,116.44209216713007,1.8,509.85,2.8,0.0000019368678929188986,0.2,1220.78,8.1
651,FMDHSIQET,1,9,9,HLA-A*02:01,651,2,1.9,133.48424210440905,2.1,122.49264146803038,1.9,40.78,0.36,0.00009015711376059571,5.1,58.36,2
80,YLDPHIIWP,1,9,9,HLA-A*02:01,80,2,2,130.14575285035744,2,130.95135603026966,2,582.62,3.1,0.000018496944778405067,1.1,269.74,4.7
718,YLDDHIIQP,1,9,9,HLA-A*02:01,718,2,2,129.24983578951444,2,130.65017626905012,2,379.14,2.4,0.000020281496644785696,1.2,116.29,3.1
650,FMDHTIQET,1,9,9,HLA-A*02:01,650,2,2,135.65318655744107,2.1,127.67621517455302,2,46.05,0.41,0.00008609937521846016,4.9,50.11,1.9
656,YMDFHVQET,1,9,9,HLA-A*02:01,656,2,2,136.5934895253493,2.1,129.1546360682438,2,44.83,0.4,0.0005821032177708704,25,56.68,2
412,FVDDWIPTC,1,9,9,HLA-A*02:01,412,2.1,0.98,144.68716261469106,2.2,139.67220841172804,2.1,123.77,0.98,0.000013406024229978326,0.9,155.01,3.6
456,FLDDHVPEK,1,9,9,HLA-A*02:01,456,2.1,2.1,124.57474303256635,1.9,136.17895587853832,2.1,600.4,3.1,0.000001854812440027907,0.2,135.77,3.4
734,FLDEHVHEN,1,9,9,HLA-A*02:01,734,2.1,2.1,139.4536866738402,2.1,133.07914439540667,2.1,1310.12,5,0.000014034598729211781,0.9,304.04,4.9
675,YTDDEIQKV,1,9,9,HLA-A*02:01,675,2.1,2.1,156.83030967142602,2.3,150.35227366608163,2.3,56.94,0.51,0.00003564511334262439,2.1,33.64,1.3
652,YMDHSIQET,1,9,9,HLA-A*02:01,652,2.1,2.1,154.32276643664122,2.3,140.31690603347693,2.1,49.31,0.45,0.0006998419960022724,28,62.32,2.1
653,YMDFSIQET,1,9,9,HLA-A*02:01,653,2.2,2.1,144.68716261469106,2.2,135.8657529713061,2.1,35.4,0.32,0.00045185594437492215,21,72.5,2.4
769,FFDEPIIQV,1,9,9,HLA-A*02:01,769,2.2,2.3,145.02070097133367,2.2,148.63120542131202,2.3,388.71,2.4,0.000005570574669415543,0.4,57.03,2
200,FLMDSKHKC,1,9,9,HLA-A*02:01,200,2.3,1.9,157.91740544399445,2.3,121.64940805537276,1.9,447.53,2.6,0.00001893651254896675,1.1,118.61,3.1
276,FMMHEVSTC,1,9,9,HLA-A*02:01,276,2.3,2,153.613717731707,2.3,125.9244318296981,2,128.34,1.1,0.00008228108312679318,4.7,82.46,2.6
3,SLLMWITEC,1,9,9,HLA-A*02:01,3,2.3,2,151.15760424525564,2.3,131.55580002637691,2,237.9,1.8,0.00013655260828700734,7.4,318.09,5
995,FLMKHVPEH,1,9,9,HLA-A*02:01,995,2.3,2.2,159.74600281717483,2.3,146.92983808182936,2.2,1420.67,5.2,0.0000018543854028467926,0.2,1400.73,8.5
316,FLDDHVHQP,1,9,9,HLA-A*02:01,316,2.3,2.2,148.0573595765992,2.3,145.2479461332354,2.2,642.07,3.2,0.000015385088542764056,1,85.83,2.7
721,FLDDSIHQP,1,9,9,HLA-A*02:01,721,2.3,2.3,156.83030967142616,2.3,152.79530158329277,2.3,485.19,2.8,0.00001194263062039771,0.8,128.73,3.3
701,FGMENIHEA,1,9,9,HLA-A*02:01,701,2.3,2.3,165.3598234745353,2.3,184.97370691201738,2.6,362.88,2.3,0.000017021585083949502,1.1,94.16,2.8
768,FFDEPIHQV,1,9,9,HLA-A*02:01,768,2.3,2.3,163.46696522767652,2.3,160.7348317649449,2.3,393.22,2.4,0.000025462438907576378,1.5,47.15,1.7
432,TYMDHIHHV,1,9,9,HLA-A*02:01,432,2.3,2.3,161.22411438244802,2.3,163.34656267991627,2.3,1128.72,4.6,0.00002939002801171142,1.7,51.31,1.9
411,YVDDWIPTC,1,9,9,HLA-A*02:01,411,2.4,2.3,167.2745999868832,2.4,159.99632229591253,2.3,139.64,1.2,0.00010406387653975045,5.9,152.77,3.6
654,YMDFSVQET,1,9,9,HLA-A*02:01,654,2.4,2.3,169.99259358713874,2.4,159.99632229591253,2.3,55.48,0.5,0.0005821032177708704,25,97.5,2.9
765,FFDEEPHTV,1,9,9,HLA-A*02:01,765,2.4,2.4,168.04670445932516,2.4,168.698025699603,2.4,338.6,2.2,0.000057003300221896134,3.3,86.21,2.7
649,FMDHEIQET,1,9,9,HLA-A*02:01,649,2.4,2.4,180.48038136815353,2.5,168.69802569960282,2.4,57.44,0.52,0.00008810488730080147,5,62.86,2.1
192,KLMDKPHHC,1,9,9,HLA-A*02:01,192,2.4,2.4,159.01203660446836,2.3,134.00160495543696,2.1,376.55,2.4,0.00009232089370821581,5.2,78.72,2.5
562,FACWHPTEV,1,9,9,HLA-A*02:01,562,2.4,2.6,166.12308974016594,2.4,189.282298039261,2.6,283.47,2,0.00007910428328190822,4.6,60.4,2.1
413,FVDDWIPVC,1,9,9,HLA-A*02:01,413,2.5,2,185.11005080083518,2.6,181.59755627365416,2.5,290.82,2,0.0000143648137689049,0.9,276.06,4.8
889,FLDENIPED,1,9,9,HLA-A*02:01,889,2.5,2.3,178.82572728599578,2.5,147.26854633935505,2.3,1296.48,4.9,0.0000018496944778405068,0.2,1050.1,7.7
225,FWMDWIHHC,1,9,9,HLA-A*02:01,225,2.5,2.3,176.77872611284914,2.5,150.0064730325157,2.3,1271.42,4.9,0.000025876170257124416,1.5,1483.12,8.6
81,YLDPHIISP,1,9,9,HLA-A*02:01,81,2.5,2.4,173.55215073098267,2.5,167.92292867789186,2.4,493.97,2.8,0.000017262353266050966,1.1,156.25,3.6
79,YLDPNIIWP,1,9,9,HLA-A*02:01,79,2.5,2.5,172.75475103062902,2.4,175.43247886056582,2.5,935.15,4.1,0.000013094834079858077,0.9,441.21,5.7
738,CLDEWVFEN,1,9,9,HLA-A*02:01,738,2.5,2.5,171.96101504910231,2.4,177.87298774473712,2.5,2458.65,7.3,0.00004029025350832952,2.3,4476.03,15
719,YLDDHIHQP,1,9,9,HLA-A*02:01,719,2.5,2.7,145.69008611304312,2.2,141.2895363604109,2.2,477.02,2.7,0.00009270432584045259,5.2,77.21,2.5
409,YVMDEIPTC,1,9,9,HLA-A*02:01,409,2.6,2.4,202.9691345900731,2.8,188.41262487702718,2.6,118.47,0.95,0.00004142857544606857,2.4,103.32,2.9
537,FMDDHVPEH,1,9,9,HLA-A*02:01,537,2.6,2.5,186.39317237412726,2.6,177.46389122523232,2.5,2232.02,6.9,0.000011972917776081663,0.8,641.23,6.6
459,FLDDHITEK,1,9,9,HLA-A*02:01,459,2.6,2.6,167.2745999868832,2.4,182.01618187523005,2.6,1027.78,4.3,0.00000755614007093092,0.5,117.39,3.1
988,FLDKWVVEN,1,9,9,HLA-A*02:01,988,2.6,2.6,185.53677353854317,2.6,186.6852475492561,2.6,2463.82,7.3,0.000021737019751571173,1.3,1696.38,9.1
313,FLDHWVHAP,1,9,9,HLA-A*02:01,313,2.6,2.6,109.00087895662257,1.8,106.932568839821,1.7,432.66,2.6,0.0000509448162327443,2.9,354.78,5.2
417,FVMDHITVC,1,9,9,HLA-A*02:01,417,2.7,2.3,210.58624467119157,2.9,197.2922383219401,2.7,356.63,2.3,0.0000307114272606783,1.8,218.67,4.3
2,SLLMWITSC,1,9,9,HLA-A*02:01,2,2.7,2.4,195.62754281775244,2.7,170.25896931276284,2.4,311.38,2.1,0.00017591383640826546,9.4,307.55,4.9
455,FLDDHVPGK,1,9,9,HLA-A*02:01,455,2.7,2.7,181.73141160604476,2.6,200.0368467520896,2.7,977.33,4.2,0.0000025020731357669034,0.2,253.72,4.6
541,FMDDEIPFH,1,9,9,HLA-A*02:01,541,2.7,2.7,194.7287159039587,2.7,195.9340881064062,2.7,1211.98,4.7,0.000004658005532200289,0.4,1339.15,8.4
454,FMDDHVPGK,1,9,9,HLA-A*02:01,454,2.7,2.7,182.57024568901505,2.6,199.11776092694686,2.7,1065.91,4.4,0.00001615474101461905,1,241.07,4.5
698,FGDEHIFEA,1,9,9,HLA-A*02:01,698,2.7,2.7,179.6511493395297,2.5,200.0368467520896,2.7,483.23,2.8,0.00003639150361272071,2.1,215.59,4.3
648,FMDHEVQET,1,9,9,HLA-A*02:01,648,2.7,2.7,212.04595878399755,2.9,198.65980278501885,2.7,88.46,0.78,0.00011350108156723155,6.3,77.26,2.5
755,YFDEEPHGV,1,9,9,HLA-A*02:01,755,2.7,2.7,189.8584801723726,2.6,190.15598543042358,2.7,410,2.5,0.0003596665093461478,18,162.37,3.7
914,FCDEEIHQV,1,9,9,HLA-A*02:01,914,2.8,1.8,361.7678759406602,4,360.6699835196238,4,243.02,1.8,0.000021301000374112523,1.3,92.15,2.8
271,FMDHDISEC,1,9,9,HLA-A*02:01,271,2.8,2.3,202.50231853452442,2.8,157.4381580201159,2.3,232.78,1.7,0.00016043532559702035,8.6,200.26,4.1
227,FWMDWVHHC,1,9,9,HLA-A*02:01,227,2.8,2.5,207.69689307531135,2.8,176.64851870987826,2.5,1804.54,6,0.0000333349647332757,2,1945.98,9.7
733,FLDEHVHTN,1,9,9,HLA-A*02:01,733,2.8,2.7,208.17568386188955,2.8,198.65980278501905,2.7,1723.93,5.9,0.000023291636302139733,1.4,273.29,4.7
754,YFDEEPHHV,1,9,9,HLA-A*02:01,754,2.8,2.8,201.10830237908385,2.7,200.960174884649,2.7,511.03,2.8,0.0005700330022189608,24,117.16,3.1
915,FCDDEIHQV,1,9,9,HLA-A*02:01,915,2.9,1.8,322.425958818766,3.8,325.169647342109,3.8,237.09,1.8,0.000011705770359631389,0.8,96.8,2.9
198,FLMDEKHKC,1,9,9,HLA-A*02:01,198,2.9,2.4,213.51579115165137,2.9,167.53671665920282,2.4,608.42,3.2,0.000018505464897947074,1.1,103.84,2.9
533,YLDDDVPEH,1,9,9,HLA-A*02:01,533,2.9,2.8,218.9928824797841,2.9,208.50189189058042,2.8,2614.91,7.5,0.000016912195877396534,1,1311.79,8.3
219,YMGDEIVSC,1,9,9,HLA-A*02:01,219,2.9,2.9,231.4355125978051,3,211.40244213549764,2.9,141.8,1.2,0.0009938023056811171,34,103.69,2.9
201,FLMDSKTKC,1,9,9,HLA-A*02:01,201,3,2.5,230.37216300738288,3,181.1798934842449,2.5,645.62,3.3,0.000023839656858653363,1.4,185.59,4
232,FWMDTVFSC,1,9,9,HLA-A*02:01,232,3,2.7,228.7862921920757,3,190.15598543042302,2.7,870.83,3.9,0.00001182769181699528,0.8,4056.08,14
540,FMDDEVPFH,1,9,9,HLA-A*02:01,540,3,3,228.78629219207548,3,230.73315257045599,3,1799.24,6,0.0000060006735386411645,0.4,1656.99,9
526,YLDDDIISH,1,9,9,HLA-A*02:01,526,3,3,231.43551259780486,3,223.9288243436023,3,2213.33,6.8,0.000015424105957495968,1,1097.02,7.8
559,FADWVPREV,1,9,9,HLA-A*02:01,559,3,3,222.55123056806718,3,222.89996485277942,3,464.92,2.7,0.00005574424015437457,3.2,89.69,2.8
569,YACWPITEV,1,9,9,HLA-A*02:01,569,3,3.3,229.84232173540562,3,255.9234018772474,3.3,218.24,1.6,0.0002229461617916383,13,44.07,1.6
720,YLDDSIHQP,1,9,9,HLA-A*02:01,720,3.1,3.1,181.3134409579136,2.5,175.02899535573547,2.5,595.71,3.1,0.00009270432584045259,5.2,140.92,3.4
992,YLDKWVPEH,1,9,9,HLA-A*02:01,992,3.3,3.2,256.112042697794,3.3,243.84283559252458,3.2,3517.79,9,0.000035334585410890165,2.1,3563.19,13
699,FGDENIFEA,1,9,9,HLA-A*02:01,699,3.4,3.4,238.4679399580696,3.1,267.98470021996917,3.4,749.32,3.5,0.000025763211570025727,1.5,438.42,5.7
431,TYMDEIHHV,1,9,9,HLA-A*02:01,431,3.4,3.5,271.2876352904039,3.4,278.68269389240015,3.5,1796.56,6,0.000028721029297978314,1.7,94.4,2.8
458,FLDDHIEEK,1,9,9,HLA-A*02:01,458,3.4,3.6,268.182231408491,3.4,293.1635688691534,3.6,1636.73,5.7,0.00000378704093905005,0.3,124.17,3.2
314,FLDHWVHQP,1,9,9,HLA-A*02:01,314,3.5,3.5,155.39248074987407,2.3,152.09327094187006,2.3,862.05,3.9,0.00005985494002869486,3.5,216.2,4.3
147,YYTDHIVSV,1,9,9,HLA-A*02:01,147,3.5,3.5,170.38446698683634,2.4,183.70035687023423,2.6,746.94,3.5,0.00014197111723252687,7.7,157.32,3.6
15,SMMMDPHEC,1,9,9,HLA-A*02:01,15,3.6,3.6,253.76399337671523,3.3,195.9340881064062,2.7,772.29,3.6,0.0013973332713775365,42,847.79,7.1
416,FVMDHIEVC,1,9,9,HLA-A*02:01,416,3.7,2.9,337.62142611181326,3.9,317.7678825077841,3.7,530.69,2.9,0.00001539217526952456,1,329.96,5
1,SLLMWITQC,1,9,9,HLA-A*02:01,1,3.7,3.4,308.6242162128781,3.7,270.46433212139846,3.4,666.69,3.3,0.00027245827332577304,15,332.12,5
989,FLDKWVVEH,1,9,9,HLA-A*02:01,989,3.7,3.6,299.5228779679253,3.7,293.1635688691531,3.6,4170.38,10,0.000021787128757202525,1.3,2315.38,12
78,YLDPPIIWP,1,9,9,HLA-A*02:01,78,3.7,3.7,310.7634970793134,3.7,302.768019503335,3.7,1773.82,6,0.000021732015193999628,1.3,583.15,6.4
317,FLDGHVHQP,1,9,9,HLA-A*02:01,317,3.7,3.7,340.7453987046739,3.9,315.5803837912177,3.7,1734.07,5.9,0.0000360661678881959,2.1,141.11,3.4
991,YLDKWVFEH,1,9,9,HLA-A*02:01,991,3.7,3.7,104.8165835592999,1.7,101.650612537114,1.6,1672.23,5.7,0.0000642983754108246,3.7,2589.54,12
202,YLMDSKTKC,1,9,9,HLA-A*02:01,202,3.7,3.7,266.33607791310897,3.4,207.54391271592627,2.8,808.51,3.7,0.00018505464897947054,9.9,185.98,4
655,YMDFPVQET,1,9,9,HLA-A*02:01,655,3.7,3.7,326.1594754611121,3.8,298.61388654132935,3.7,193.03,1.5,0.0006839116472814286,27,111.11,3
457,FLDDHVEEK,1,9,9,HLA-A*02:01,457,3.7,3.9,315.0866479600634,3.7,345.23116991899377,3.9,2409.77,7.2,0.000004878653791974776,0.4,146.57,3.5
255,FMDHEISEC,1,9,9,HLA-A*02:01,255,3.8,3.3,333.75670560532205,3.8,263.09342820178165,3.3,292.14,2,0.00013344429143666251,7.3,178.96,3.9
996,FLMKHVPQH,1,9,9,HLA-A*02:01,996,3.8,3.7,326.1594754611114,3.8,302.07167238190544,3.7,3281.77,8.7,0.000003699985311728588,0.3,1480.88,8.6
539,FMDDPVPFH,1,9,9,HLA-A*02:01,539,3.8,3.7,324.6609087945232,3.8,312.6871254418579,3.7,2677.93,7.6,0.000007214396379258091,0.5,1600.87,8.9
453,FMDDHVHGK,1,9,9,HLA-A*02:01,453,3.8,3.8,197.437662184907,2.7,210.43113614301672,2.9,1754.2,5.9,0.00006734416926887185,3.8,168.86,3.8
735,FLDEHVQEN,1,9,9,HLA-A*02:01,735,3.9,3.8,343.10733297127047,3.9,333.51087515492543,3.8,2685.91,7.6,0.000006126324544438652,0.4,512.76,6.1
702,FGMENIHQA,1,9,9,HLA-A*02:01,702,3.9,4.1,337.6214261118136,3.9,380.2857045447431,4.1,1087.86,4.5,0.000033962527259040815,2,81.61,2.6
916,FCDDEPHQV,1,9,9,HLA-A*02:01,916,4,3.6,643.3243649987915,5.6,636.9568316819111,5.6,760.22,3.6,0.00003787913037851569,2.2,184.95,4
460,FLDDHITRK,1,9,9,HLA-A*02:01,460,4,4,338.3997238792009,3.9,361.50141369918936,4,2917.03,8,0.000011436680799117077,0.8,228.31,4.4
534,YLDDEVPEH,1,9,9,HLA-A*02:01,534,4,4,360.93583291494593,4,348.4255546043743,4,3176.16,8.5,0.000014066951820610385,0.9,1199.27,8.1
254,FMDHEVSEC,1,9,9,HLA-A*02:01,254,4.1,3.7,392.12993736036555,4.1,309.82039264448554,3.7,496.51,2.8,0.00017190954861928852,9.2,223.21,4.3
63,MLMPHEHSP,1,9,9,HLA-A*02:01,63,4.1,4,383.20397023961954,4.1,362.33476052326245,4,1947.77,6.3,0.00001648541938636161,1,826.82,7.1
84,YLDPHEYHP,1,9,9,HLA-A*02:01,84,4.1,4.1,393.9399269131006,4.1,375.93261008149983,4.1,1982.98,6.4,0.00003214400596524378,1.9,687.34,6.7
308,FMDHEPFAP,1,9,9,HLA-A*02:01,308,4.1,4.1,325.4093294838818,3.8,302.0716723819051,3.7,950.5,4.1,0.000497851706373916,22,1204.35,8.1
706,FGMEDEFQA,1,9,9,HLA-A*02:01,706,4.2,4.2,364.27553105790116,4,410.3080144294116,4.2,1329.47,5,0.000024603676041476273,1.5,1022.71,7.6
309,FLDHEPFAP,1,9,9,HLA-A*02:01,309,4.2,4.2,323.9142094249837,3.8,303.46597187066425,3.7,984.23,4.2,0.00007710809965858578,4.4,1535.33,8.7
5,SLLMHITEC,1,9,9,HLA-A*02:01,5,4.3,3.8,415.36509690250404,4.3,333.51087515492543,3.8,698.23,3.4,0.00019288568602156226,12,566.98,6.3
414,FVDDHIPVC,1,9,9,HLA-A*02:01,414,4.3,4.3,508.66282627610275,4.9,460.37316413779547,4.6,1005.74,4.3,0.000020290838770092038,1.2,215.72,4.3
560,FACWVPREV,1,9,9,HLA-A*02:01,560,4.3,4.3,369.34310848488116,4.1,416.97498333825934,4.3,1022.28,4.3,0.00009687238673827619,5.5,220.96,4.3
538,FMDDPVPEH,1,9,9,HLA-A*02:01,538,4.4,4.2,445.07172005292244,4.4,410.3080144294108,4.2,4353.09,12,0.000014066951820610385,0.9,1274.51,8.3
419,FVDDHITSC,1,9,9,HLA-A*02:01,419,4.4,4.4,543.7884763096547,5,483.181168775536,4.7,920,4,0.00007714361742839147,4.4,151.41,3.6
146,YYTDHVVSV,1,9,9,HLA-A*02:01,146,4.4,4.7,200.18429366250913,2.7,216.3266375882918,2.9,1190.32,4.7,0.00018289422812817625,9.7,233.3,4.4
233,YWMDTVFSC,1,9,9,HLA-A*02:01,233,4.5,4.5,264.50263324899714,3.4,217.82614220387836,2.9,1112.78,4.5,0.00009181211669315351,5.2,5482.17,16
917,FCDDEPIQV,1,9,9,HLA-A*02:01,917,4.6,3.1,570.7290780991818,5.2,588.9928191337392,5.3,575.12,3.1,0.00000828705077906983,0.6,246.55,4.6
697,FGDEHIIEA,1,9,9,HLA-A*02:01,697,4.6,4.6,421.1434009870682,4.3,468.9321402819839,4.6,1815.22,6,0.000018238957023196385,1.1,255.99,4.7
229,FWMDDVHSC,1,9,9,HLA-A*02:01,229,4.7,4.1,488.0114367579731,4.7,381.1623536313401,4.1,5497.96,13,0.000033334964733275765,2,4362.68,14
13,SMDMDIHEC,1,9,9,HLA-A*02:01,13,4.7,4.5,484.65198965730053,4.7,367.3753391427095,4.1,1088.59,4.5,0.0014972695761318474,43,575.19,6.3
463,YLDDNITRN,1,9,9,HLA-A*02:01,463,4.7,4.6,479.1042242073663,4.7,462.49815011325745,4.6,4971.55,12,0.00006269024974761666,3.6,1759.22,9.2
961,YHDAEVFHV,1,9,9,HLA-A*02:01,961,4.7,4.7,482.42521603507294,4.7,493.29873298696947,4.7,2546.76,7.4,0.00005602733947937972,3.2,2396.67,12
461,YLDDHITRK,1,9,9,HLA-A*02:01,461,4.7,5,391.2280635311694,4.1,414.104547743278,4.3,3674.81,9.3,0.00008877690494117365,5,273.25,4.7
226,FWMDWPHHC,1,9,9,HLA-A*02:01,226,4.8,4.8,352.7199303011731,4,293.8393806911631,3.6,4733.8,12,0.00008373364560836566,4.8,3377.55,13
4,SLLMSITEC,1,9,9,HLA-A*02:01,4,4.9,4.3,516.9279323150038,4.9,413.1521337126777,4.3,817.57,3.7,0.00019288568602156226,12,898.33,7.2
739,CLDEWVFHN,1,9,9,HLA-A*02:01,739,4.9,4.9,265.7235219321574,3.4,276.12771559736296,3.4,3848.37,9.5,0.00008613903457724283,4.9,4908.1,15
462,YLDDHITRN,1,9,9,HLA-A*02:01,462,5,5,360.9358329149456,4,345.23116991899377,3.9,3748.5,9.4,0.00008855233145028557,5,969.23,7.4
230,FWMDAVHSC,1,9,9,HLA-A*02:01,230,5.2,4.5,570.7290780991818,5.2,448.8590645175167,4.5,4427.29,12,0.000017901935992650123,1.1,4362.26,14
228,FWMDDVHHC,1,9,9,HLA-A*02:01,228,5.2,4.6,582.6798503315388,5.2,457.2039775675697,4.6,6455.63,15,0.00005532227103123724,3.2,4122.03,14
535,YMDDEVPEH,1,9,9,HLA-A*02:01,535,5.2,5.2,362.6018370236394,4,346.8246845969043,3.9,3366.68,8.8,0.00009082386932603834,5.2,1556.02,8.8
231,FWMDTVHSC,1,9,9,HLA-A*02:01,231,5.3,4.7,604.5469020435587,5.3,482.0698829252083,4.7,4146.04,10,0.000027095676590460538,1.6,4634.44,15
536,YMDDHVPEH,1,9,9,HLA-A*02:01,536,5.3,5.3,215.49142844275053,2.9,203.28718403778655,2.8,2410.92,7.2,0.00009293942901315792,5.3,807.84,7
994,FLDKHVPEH,1,9,9,HLA-A*02:01,994,5.4,5,608.7374209739077,5.4,539.6472894250537,5,6783.31,15,0.00000642983754108246,0.5,1959.33,9.7
999,FLMKFVGHH,1,9,9,HLA-A*02:01,999,5.5,5.5,628.6805146245796,5.5,622.4579240616498,5.5,4557.1,12,0.0000169121958773965,1,4375.76,14
258,YMDHHNSEC,1,9,9,HLA-A*02:01,258,5.5,6.5,497.0842467535872,4.8,373.3447081967075,4.1,2060.9,6.5,0.0013973332713775337,42,398.23,5.5
82,YLDPHEISP,1,9,9,HLA-A*02:01,82,5.6,5.3,643.3243649987908,5.6,602.7122243232413,5.3,2427.3,7.2,0.000017262353266050966,1.1,764.32,6.9
561,FACWHPREV,1,9,9,HLA-A*02:01,561,5.6,6.4,483.5373210128153,4.7,538.4061351010424,5,2248.48,6.9,0.000116466225271933,6.4,417.49,5.6
6,SLLMRITEC,1,9,9,HLA-A*02:01,6,6.1,5.1,718.5053396689174,6.1,568.9970306428379,5.1,1169.46,4.7,0.00017591383640826546,9.4,1624.46,8.9
993,YLDKHVPEH,1,9,9,HLA-A*02:01,993,6.1,5.5,703.7687846683796,6.1,618.1729538524038,5.5,7832.84,16,0.00004991142851656183,2.8,2608.09,12
418,FVDDHITVC,1,9,9,HLA-A*02:01,418,6.1,6.1,802.4722072103016,6.5,724.6194716129845,6.1,2179.96,6.8,0.00010648783561269626,6,266.98,4.7
83,YLDPHEIHP,1,9,9,HLA-A*02:01,83,6.4,6.1,768.1216391205884,6.4,722.9528930753404,6.1,3683.81,9.3,0.00002864837547190018,1.7,615.59,6.5
235,YDMDDVFSC,1,9,9,HLA-A*02:01,235,6.5,6.3,802.4722072103032,6.5,615.3327071248773,5.4,6185.48,14,0.00011316183988888637,6.3,7552.57,19
224,FWMDEIHHC,1,9,9,HLA-A*02:01,224,6.6,5.7,817.3912794171929,6.6,648.798743313431,5.7,5322.02,13,0.0000357190582511197,2.1,3421.28,13
957,YHMAEVQTV,1,9,9,HLA-A*02:01,957,6.6,6.6,795.1150977925766,6.5,820.5593528621016,6.6,2175.42,6.8,0.000012542958923023173,0.8,1883.03,9.5
256,FMDHENSEC,1,9,9,HLA-A*02:01,256,6.8,7.1,723.4857807517556,6.1,556.0450769575149,5,2329.83,7.1,0.00017591383640826546,9.4,706,6.8
257,YMDHENSEC,1,9,9,HLA-A*02:01,257,7,7.9,836.4307681790128,6.7,636.9568316819124,5.6,2862.84,7.9,0.0013655260828700734,41,794.44,7
420,FVDDPITSC,1,9,9,HLA-A*02:01,420,7.1,7.1,1298.4642592503592,8.4,1117.1461676018077,7.7,2365.21,7.1,0.00009063584749580768,5.1,267.68,4.7
8,SLDMEITEC,1,9,9,HLA-A*02:01,8,7.2,7,1159.9252432200371,7.9,918.5652252271263,7,1950.34,6.3,0.00024282869170389552,13,913.38,7.2
234,YDMDTVFSC,1,9,9,HLA-A*02:01,234,7.3,6.4,994.0998310776156,7.3,778.2336404886528,6.4,4435.77,12,0.0000919813967269626,5.2,8098.24,20
430,TYDDEIHHV,1,9,9,HLA-A*02:01,430,7.4,7.4,1033.7844611848705,7.5,1023.5522092180414,7.4,8889.42,18,0.00009958639240535908,5.6,284.96,4.8
707,FGMEDEHQA,1,9,9,HLA-A*02:01,707,7.5,7.5,962.5648533455011,7.2,1040.1835947027498,7.5,7958.93,17,0.00005636376558259549,3.3,1574.72,8.8
998,FLMKHVGHH,1,9,9,HLA-A*02:01,998,7.6,7.5,1087.5018389173665,7.6,1033.0230212034778,7.5,9681.94,19,0.00002334532906903989,1.4,5638.7,16
86,YLDPHEVHP,1,9,9,HLA-A*02:01,86,7.6,8.1,1082.505221838095,7.6,1018.8494139977646,7.4,4869.39,12,0.00015034881171689852,8.1,689.5,6.7
956,YHMAEVQQV,1,9,9,HLA-A*02:01,956,7.8,7.8,1087.50183891737,7.6,1130.082110551176,7.8,4170.02,10,0.000015079953418017893,1,1541.71,8.7
7,SLDMRITEC,1,9,9,HLA-A*02:01,7,8,7,1192.422054638512,8,918.5652252271263,7,2197.15,6.8,0.000226620920889567,13,1219.25,8.1
72,YHMPWIFWP,1,9,9,HLA-A*02:01,72,8.2,8.2,1070.1138870303462,7.6,1250.575741383611,8.2,10579.86,20,0.00007507580541199382,4.3,19684.87,43
551,FADDEIIEF,1,9,9,HLA-A*02:01,551,8.3,8.7,1260.1725057145065,8.3,1374.3900424332412,8.7,4079.87,9.9,0.00001057304303742185,0.7,172.62,3.9
85,YLDPHETHP,1,9,9,HLA-A*02:01,85,8.3,8.8,1263.0775033593989,8.3,1164.4209216712995,7.9,6591.5,15,0.00016485419386361627,8.8,1209.33,8.1
703,FGMENEHQA,1,9,9,HLA-A*02:01,703,8.7,8.7,1251.497539203897,8.2,1364.9288079303797,8.7,9264.23,18,0.000033962527259040815,2,2075.3,9.8
552,FADDEIHEF,1,9,9,HLA-A*02:01,552,8.8,9.1,1420.4632427837107,8.8,1486.31205421312,9.1,5500.46,13,0.000048328131006953145,2.8,132.2,3.3
997,FLMKHVGQH,1,9,9,HLA-A*02:01,997,8.9,8.7,1436.9114319313885,8.9,1368.075293792044,8.7,12212.97,22,0.00002178712875720248,1.3,5126,16
62,MLDPHEHSP,1,9,9,HLA-A*02:01,62,9,8.6,1460.2593644712351,9,1330.791443954064,8.6,7040.77,15,0.00005716102396416132,3.3,1640.55,9
990,YLDKWVVEH,1,9,9,HLA-A*02:01,990,9,9,346.2820660353283,3.9,335.82266209997454,3.8,5047.76,13,0.00016912195877396516,9,3016.78,13
705,FGMEDETQA,1,9,9,HLA-A*02:01,705,9.3,9.3,1404.203334500267,8.8,1549.208959623703,9.3,9933.53,19,0.00007095777679633887,4.1,3525.75,13
221,YWMDEIVSC,1,9,9,HLA-A*02:01,221,9.3,9.3,989.5323572428939,7.3,807.4395161524775,6.5,3690.71,9.3,0.00019182270017252512,11,6381.3,17
71,YHMPWIFSP,1,9,9,HLA-A*02:01,71,9.5,9.5,1427.0198032105686,8.9,1603.651519103931,9.5,10860.31,20,0.0000700648182865412,4,17199.91,37
241,YDMDDVPSC,1,9,9,HLA-A*02:01,241,12,9.1,1960.7851087854222,12,1476.0803540005343,9.1,15593.63,27,0.00006218705637987518,3.6,7751.01,19
704,FGMENETQA,1,9,9,HLA-A*02:01,704,12,12,1825.7024568901506,12,2032.8718403778653,12,11332.42,21,0.000042756288615158555,2.5,3796.67,14
222,YWMDEIVHC,1,9,9,HLA-A*02:01,222,12,12,1181.4898635305067,8,968.5231369601688,7.2,4854.97,12,0.0003183464417556432,16,5655.16,16
553,FADWEIHEF,1,9,9,HLA-A*02:01,553,13,13,2256.4722658267237,13,2404.971864630506,13,7271.4,16,0.00008999119108700542,5.1,358.01,5.2
740,CLDEWPFHN,1,9,9,HLA-A*02:01,740,13,13,451.26328443106536,4.5,459.31433524246995,4.6,6036.52,14,0.0002163714721779108,13,6569.34,18
205,YAMDWKTAC,1,9,9,HLA-A*02:01,205,13,13,1195.1708713637918,8,1064.4125831447263,7.6,5266,13,0.00113631829766731,37,3819.04,14
243,FDMDEVPSC,1,9,9,HLA-A*02:01,243,14,12,2795.3101405065872,14,2153.3270697282624,12,15035.77,26,0.000006663463144693574,0.5,6629.94,18
33,FRMDTVPEC,1,9,9,HLA-A*02:01,33,14,14,2900.2137017998343,14,2710.878167985186,14,10832.49,20,0.000005054753713597979,0.4,4505.95,15
223,YWMDEIHHC,1,9,9,HLA-A*02:01,223,14,15,944.9960647952786,7.2,743.2073568591356,6.2,6885.05,15,0.0002772681597612393,15,4019.65,14
210,YAMDHKPAC,1,9,9,HLA-A*02:01,210,14,16,2081.7568386188977,12,1714.3914810708827,9.9,8638.53,17,0.0003058440246510548,16,4106.93,14
207,YADDWKPAC,1,9,9,HLA-A*02:01,207,14,18,2886.888430248671,14,2483.762123732412,13,9084.47,18,0.0007507580541199374,29,3049.61,13
204,YAMDWKTKC,1,9,9,HLA-A*02:01,204,14,21,1992.6453038035065,12,1702.5896931276266,9.8,11126.25,21,0.0013046679686398936,40,3935.04,14
242,YDMDEVPSC,1,9,9,HLA-A*02:01,242,15,13,3231.6922741633857,15,2466.6640255387188,13,17049.4,29,0.00005172494052829938,3,7907.65,19
73,YHMPHIFWP,1,9,9,HLA-A*02:01,73,15,15,2940.5596933243673,14,3170.370366587739,15,16554.23,28,0.0001060473938372333,5.9,20590.29,46
554,FADWPIHEF,1,9,9,HLA-A*02:01,554,15,15,3202.063941304242,15,3259.1924079493883,15,8523.5,17,0.00010819320847276604,6.1,266.04,4.7
1000,FIMKFVGHH,1,9,9,HLA-A*02:01,1000,15,15,3383.997238792009,15,3436.4497677597174,15,12863.17,23,0.00014832009671818757,8,14556.23,31
57,MFMPHLPSP,1,9,9,HLA-A*02:01,57,16,16,3568.042346006497,15,3673.7533914270907,16,18491.02,31,0.00007464487584100653,4.3,11538.43,25
59,MFMPHIHSP,1,9,9,HLA-A*02:01,59,16,16,3651.1527288294324,15,3699.218633379657,16,19223.81,33,0.00016330519478943345,8.7,13830.22,29
290,YRDDIIWAC,1,9,9,HLA-A*02:01,290,16,16,3642.7553105790153,15,3327.438214275848,15,9463.41,19,0.0003045790305373426,16,5744.98,16
741,CLDEHPFHN,1,9,9,HLA-A*02:01,741,16,16,1240.0237407979087,8.2,1164.4209216713007,7.9,10818.43,20,0.00030563282803659634,16,6684.16,18
58,MFMPHLHSP,1,9,9,HLA-A*02:01,58,16,16,3858.602132640173,16,3882.4869085932087,16,19001.1,32,0.0003111716337106017,16,14449.3,30
289,YRDDIIWHC,1,9,9,HLA-A*02:01,289,16,19,3930.3389022345295,16,3573.63341235192,15,10921.46,20,0.00038344228144309193,19,3713.07,14
245,FDMDNVSSC,1,9,9,HLA-A*02:01,245,17,15,4736.199635034044,17,3573.6334123519127,15,21969.96,37,0.00001299271762836753,0.9,10036.62,23
912,FCDEEIHYS,1,9,9,HLA-A*02:01,912,17,15,5039.993774538034,18,5141.738672899522,18,6769.01,15,0.00007950601750844204,4.6,5860.68,17
709,FGMEDIHQP,1,9,9,HLA-A*02:01,709,17,17,3823.2262556512433,16,4198.653158422473,17,21726.25,37,0.00007212735394337607,4.1,9446.23,22
555,FADWPITEF,1,9,9,HLA-A*02:01,555,17,18,4671.216539888111,17,4854.1143171707345,18,8967.48,18,0.00013620717952990907,7.4,415.74,5.5
206,YADDWKTAC,1,9,9,HLA-A*02:01,206,17,25,4554.387721924964,17,3909.399022165043,16,14197.2,25,0.003940034276447455,65,4090.96,14
236,YDMDDVQSC,1,9,9,HLA-A*02:01,236,18,16,5217.110075825706,18,3909.399022165043,16,23020.01,39,0.00011316183988888637,6.3,8491.49,21
910,FCDEEVHYS,1,9,9,HLA-A*02:01,910,18,18,5921.476362615172,19,6054.942175489422,19,8780.16,18,0.00010242359141215688,5.8,6828.95,18
74,YHMPEIFWP,1,9,9,HLA-A*02:01,74,18,18,4948.003520986246,18,5408.91304905272,18,18982.61,32,0.00010363346044310429,5.8,23288.18,57
742,CLDEHPWHN,1,9,9,HLA-A*02:01,742,18,18,1225.8293064138466,8.2,1143.1678446602339,7.8,10053.99,19,0.00035908726236945094,18,7412.75,19
663,YMDFDVTQH,1,9,9,HLA-A*02:01,663,18,26,1916.152190600998,12,1726.2750751000206,9.9,14613.95,26,0.0040569532203604515,66,6808.31,18
244,FDMDEVSSC,1,9,9,HLA-A*02:01,244,19,17,6003.85230442615,19,4551.033161054247,17,22610,38,0.00001793494296862704,1.1,9880.31,23
269,FWDHDISEC,1,9,9,HLA-A*02:01,269,19,18,7005.352608218063,20,4876.5198908461725,18,23569.69,40,0.0002471155075018216,14,7751.75,19
421,FVDDPITSH,1,9,9,HLA-A*02:01,421,19,19,6433.243649987908,20,6125.055101456825,19,20667.81,35,0.00009124309325911983,5.2,5625.91,16
661,YMDFDVPHH,1,9,9,HLA-A*02:01,661,19,19,919.2422985097634,7,828.1518950732925,6.6,9462.79,19,0.0008283235329759177,31,7672.67,19
662,YMDFDVTHH,1,9,9,HLA-A*02:01,662,19,23,1450.207009713335,8.9,1303.496892020589,8.5,12432.42,23,0.004347103696062098,68,7524.52,19
298,YRDDWVHAC,1,9,9,HLA-A*02:01,298,19,28,5694.164376449404,19,5322.430510364186,18,18496.82,31,0.0007140029399278452,28,4648.86,15
32,FRMDTVQEC,1,9,9,HLA-A*02:01,32,21,21,7716.671275150697,21,7179.761203654644,21,15379.5,27,0.00000919813967269626,0.6,5670.04,16
37,FRDDHVPEC,1,9,9,HLA-A*02:01,37,21,21,8738.361354950008,22,7710.987515863499,21,23236.46,40,0.000018352701456751025,1.1,2771,12
75,YHMPPIFWP,1,9,9,HLA-A*02:01,75,21,21,7021.501613799647,20,7330.101696403617,21,21034.63,36,0.00012459482372707484,6.8,22435.12,53
265,YWYHNISEC,1,9,9,HLA-A*02:01,265,21,21,6003.8523044261565,19,4376.329367001004,17,17290.72,30,0.0004394404188918083,21,17522.31,37
209,YADDHKPAC,1,9,9,HLA-A*02:01,209,21,33,7932.863838139273,21,6296.656471220323,19,19752.18,33,0.001060473938372332,35,2231.19,11
267,YWDHHISEC,1,9,9,HLA-A*02:01,267,21,43,7932.863838139288,21,5471.545310299988,19,24900.92,43,0.001632675967075256,45,5841.13,16
248,FDDDDVSEC,1,9,9,HLA-A*02:01,248,22,21,10725.807543104163,24,7728.763177903282,21,29974.44,55,0.000058036337820423434,3.4,9201.93,22
270,FYDHDISEC,1,9,9,HLA-A*02:01,270,22,22,10196.004066309535,24,7981.9683244083235,22,27564.96,49,0.00024406190680419787,14,6733.99,18
558,FADWVPREF,1,9,9,HLA-A*02:01,558,22,22,8678.206898502163,22,9059.620378557258,22,14838.44,26,0.0004594095300365836,21,895.2,7.2
240,YDMDDVRSC,1,9,9,HLA-A*02:01,240,22,22,9003.88625554389,22,6608.608125193944,20,30278.56,56,0.00048050731108981366,22,11455.57,25
288,YRDDEIWHC,1,9,9,HLA-A*02:01,288,22,22,9045.44630619,22,8130.364194963085,22,18178.18,31,0.0004939693471692555,22,5719.37,16
208,YADDDKPAC,1,9,9,HLA-A*02:01,208,22,32,8098.97391123324,22,6428.505206812303,20,18882.84,32,0.001245948237270747,39,5349.24,16
268,YWDHDISEC,1,9,9,HLA-A*02:01,268,22,44,8098.973911233256,22,5586.116644180852,19,25503.52,44,0.0019182270017252473,49,8886.58,21
34,FRDDTVPEC,1,9,9,HLA-A*02:01,34,23,23,11051.723222942519,24,9956.575699076311,23,21710.98,37,0.000017526693824662052,1.1,5210.43,16
247,FDDDDVSSC,1,9,9,HLA-A*02:01,247,23,23,13881.295518478275,26,10002.533164394199,23,30246.79,56,0.00007476528617907182,4.3,9875.61,23
427,TVMDEIHHH,1,9,9,HLA-A*02:01,427,23,23,9045.44630619,22,9122.418666944504,23,27243.84,48,0.0002323806702517647,13,11073.97,25
211,YEMDHKPAC,1,9,9,HLA-A*02:01,211,23,23,9406.542022730935,23,9206.827367613561,23,30240.9,56,0.00028661571574641986,15,8057.57,20
556,FADWPPTEF,1,9,9,HLA-A*02:01,556,23,23,9320.302327098087,23,9508.455974779054,23,14341.4,25,0.00044075779324153654,21,480.33,5.9
299,YRDDWPHAC,1,9,9,HLA-A*02:01,299,23,41,9670.078508378985,23,8853.398241655947,22,23860.15,41,0.0017934942968627018,48,6843.59,18
36,FRDDQVPEC,1,9,9,HLA-A*02:01,36,24,24,12777.032515362556,26,10892.059372274536,24,25978.37,45,0.000022064800240602944,1.4,5229.12,16
266,YWDHNISEC,1,9,9,HLA-A*02:01,266,24,37,10530.039492670767,24,7330.10169640361,21,25511.8,44,0.001155846068156222,37,8354.52,20
55,YRMPHLPSP,1,9,9,HLA-A*02:01,55,25,25,11706.578993530225,25,11644.209216712994,25,27839.52,50,0.00010363346044310429,5.8,16954.58,36
672,YTDDDIQHH,1,9,9,HLA-A*02:01,672,25,25,12428.822907426927,25,11617.42827867771,25,27212.92,48,0.0004679505908852532,21,8810.31,21
291,YRDDIIVAC,1,9,9,HLA-A*02:01,291,25,26,12173.907568242943,25,11197.214554859464,24,15069.49,26,0.0006818675140286001,27,4600.87,15
12,SADMDIHEC,1,9,9,HLA-A*02:01,12,25,34,12343.263492347432,25,9508.455974779083,23,20227.99,34,0.002309404458919269,53,9182.47,22
35,FRDDEVPEC,1,9,9,HLA-A*02:01,35,26,26,14703.81398823493,27,13155.580002637651,26,24914.67,43,0.00001793494296862704,1.1,4874.04,15
246,FDDDNVSSC,1,9,9,HLA-A*02:01,246,26,26,18048.038136815296,29,13125.323008254307,26,30454.65,57,0.000045050539892792444,2.6,8445.32,20
60,MFDPHIHSP,1,9,9,HLA-A*02:01,60,26,26,13913.295209478089,26,13586.575297130597,26,27899.82,50,0.000566239289038254,24,4413.7,15
296,YRDDHIHAC,1,9,9,HLA-A*02:01,296,26,30,13317.723686687383,26,11458.031187051747,25,25005.68,43,0.0007828886556130146,30,3330.3,13
41,FRDDWVYHQ,1,9,9,HLA-A*02:01,41,27,27,10603.030239430384,24,14760.803540005341,27,25558.77,44,0.000028582486036727377,1.7,13972.61,30
708,FGMEDEHQP,1,9,9,HLA-A*02:01,708,27,27,14171.962679828981,26,15069.88714524356,27,34890.39,70,0.00007212735394337607,4.1,19353.92,42
305,FRDDHPFAP,1,9,9,HLA-A*02:01,305,27,27,15575.069741351823,27,15889.491536039843,27,29489.02,54,0.00014305399808200672,7.8,17907.51,38
671,YTDDNIQHH,1,9,9,HLA-A*02:01,671,27,27,16159.577434999788,28,15244.388214143706,27,27521.16,49,0.0002819681143470695,15,9237.95,22
11,SADMNIHEC,1,9,9,HLA-A*02:01,11,27,33,16048.335686399074,27,12476.994969933648,25,19220.07,33,0.0013915537948446717,42,7983.3,20
297,YRDDHVHAC,1,9,9,HLA-A*02:01,297,27,35,15646.960996849242,27,13493.045970659836,26,27019.86,48,0.001008555959619105,35,3918.8,14
292,YRDDHIVAC,1,9,9,HLA-A*02:01,292,28,33,16650.604301225343,28,14931.72558943621,27,21983.05,37,0.0008988764451709078,33,4578.36,15
911,FCDEEEHYS,1,9,9,HLA-A*02:01,911,29,29,18682.285301254477,29,18454.827919161387,29,18742.39,32,0.00007950601750844204,4.6,13837.59,29
215,YEGDHIVAC,1,9,9,HLA-A*02:01,215,29,39,17515.800901006,29,19235.78879659607,29,22769.82,39,0.0019377600589594206,49,5707.82,16
667,YTDFHIHQH,1,9,9,HLA-A*02:01,667,29,44,17677.872611284878,29,15456.458778910357,27,25596.13,44,0.0030213427798433,59,10312.34,23
670,YTDDNIQQH,1,9,9,HLA-A*02:01,670,30,30,21351.579115165136,31,20188.776490622524,30,29571.14,54,0.00026314795540202044,14,7764.82,19
295,YRDDEIHAC,1,9,9,HLA-A*02:01,295,30,30,22409.388200092613,31,19548.34522087755,30,26569.07,47,0.0007650679341290919,30,5384.27,16
10,SADMEIHEC,1,9,9,HLA-A*02:01,10,30,35,20343.702676776826,30,15889.491536039874,27,20627.37,35,0.0019208789617520144,49,8632.78,21
668,YTDFNIHQH,1,9,9,HLA-A*02:01,668,31,45,23465.51012867192,31,20706.65749626613,30,25879.61,45,0.002138946884169517,52,12474.75,27
56,MRMPHLPSP,1,9,9,HLA-A*02:01,56,32,32,23573.82200220146,32,23774.423793433605,32,31236.91,59,0.00007507580541199366,4.3,17854.47,38
294,YRDDEIVAC,1,9,9,HLA-A*02:01,294,32,32,28017.53995882024,33,25474.75406556441,32,24015.3,41,0.0008784155192614565,32,6619.98,18
293,YRDDKIVAC,1,9,9,HLA-A*02:01,293,32,33,24798.761966610982,32,22085.640569160965,31,24044.67,41,0.0008988764451709078,33,6089.05,17
666,YTDFHITQH,1,9,9,HLA-A*02:01,666,32,46,25788.732656673375,32,23020.24810455227,31,26277.17,46,0.003803645203285561,64,12665.71,27
76,YHDPPIFWP,1,9,9,HLA-A*02:01,76,33,33,26756.54293923263,33,26922.166139400302,33,28163.7,50,0.000432016167618142,20,23286.04,57
557,FADWPPREF,1,9,9,HLA-A*02:01,557,33,33,27128.76352904039,33,27046.43321213976,33,21763.67,37,0.0006489332095341698,26,978.47,7.4
302,YRDDHPHAC,1,9,9,HLA-A*02:01,302,33,55,26572.35219321574,33,22444.50335962182,31,32530.76,63,0.0025333780303853563,55,6227.44,17
301,YRDDDPHAC,1,9,9,HLA-A*02:01,301,33,59,27128.763529040334,33,22914.479672047608,31,31346.62,59,0.0029764596536372722,59,9008.73,21
40,FRDDHVYHQ,1,9,9,HLA-A*02:01,40,34,37,29136.004800098603,34,37420.5356634224,37,31478.5,60,0.000040373834645533,2.3,13208.97,28
9,SADMEITEC,1,9,9,HLA-A*02:01,9,34,38,29677.683571683847,34,23665.190238394815,32,22219.06,38,0.002418243337930405,54,10790.51,24
218,YEGDEIVSC,1,9,9,HLA-A*02:01,218,34,42,26633.607791310867,33,29383.938069116346,34,25327.8,44,0.0014364813768904887,42,6743.36,18
260,YPDHHISEC,1,9,9,HLA-A*02:01,260,34,45,30299.118943314767,34,23556.458565952686,32,32730.93,63,0.0016289209165525306,45,11475.35,25
665,YTDFHVTQH,1,9,9,HLA-A*02:01,665,34,49,30299.118943314767,34,27108.781679851832,33,27674.94,49,0.004900044227932362,70,12926.2,28
426,TVDDEIHHH,1,9,9,HLA-A*02:01,426,35,35,34469.10444632455,36,33505.02914102048,35,33408.95,66,0.0008057494170914512,30,8951.21,21
237,YDGDDVQSC,1,9,9,HLA-A*02:01,237,35,35,42211.42367912788,38,31703.703665877325,35,34436.57,69,0.0009030254703280056,33,15118.76,32
217,YEGDEIVAC,1,9,9,HLA-A*02:01,217,35,42,29473.38383499752,34,32817.84050445615,35,24564.02,42,0.001893651254896673,49,8083.25,20
664,YTDFDVTQH,1,9,9,HLA-A*02:01,664,35,52,30933.566850785388,35,27676.42557217211,33,28733.12,52,0.005757049982493285,74,15119.75,32
54,YRMPHLPSQ,1,9,9,HLA-A*02:01,54,36,36,28670.15230080675,34,34842.555460437434,36,30507.1,57,0.00010377673430708561,5.8,20196.61,45
212,YEDDHKPAC,1,9,9,HLA-A*02:01,212,36,36,35845.11681180087,36,33815.047358658296,36,36630.01,77,0.0009938023056811171,34,6954.34,18
304,YRDDHPFAP,1,9,9,HLA-A*02:01,304,36,36,18006.52880097256,29,18201.618187522985,29,30989.15,58,0.0011104525353336403,36,19612.3,43
239,YDDDDVRSC,1,9,9,HLA-A*02:01,239,36,46,34310.73329712701,36,24272.247953115657,32,35006.11,71,0.0016660959166669665,46,10250.68,23
38,FRDDHVPEQ,1,9,9,HLA-A*02:01,38,37,39,38320.397023961996,37,47436.21185513744,39,34041.3,67,0.000018454402985937006,1.1,9338.24,22
43,FRDDEVFHQ,1,9,9,HLA-A*02:01,43,38,40,40778.38294863294,38,52373.30731840252,40,29766.95,55,0.00007016168330679753,4,14227.93,30
61,MFDPHEHSP,1,9,9,HLA-A*02:01,61,39,39,51573.90310623384,40,48765.19890846157,39,37307.57,79,0.000566239289038254,24,11459.22,25
42,FRDDEVYHQ,1,9,9,HLA-A*02:01,42,39,43,49026.39952035054,39,63842.5168824283,43,32351.38,62,0.000039454813968330114,2.3,14593.8,31
216,YEGDPIVAC,1,9,9,HLA-A*02:01,216,39,45,41824.427020682946,38,44474.38998786402,39,25821.16,45,0.0022766695553309035,53,7516.82,19
303,YRDDHPHAP,1,9,9,HLA-A*02:01,303,39,55,47580.6093926597,39,46143.443388581036,39,37099.07,78,0.002543899793129801,55,17001.85,36
213,YEDDHKVAC,1,9,9,HLA-A*02:01,213,39,70,48465.198965729905,39,46570.40341344147,39,35154.88,71,0.004756636893186036,70,6589.2,18
669,YTDFNIQQH,1,9,9,HLA-A*02:01,669,40,40,57733.78093538241,42,51893.14595075933,40,27485.46,49,0.000933684179260766,33,15254.42,32
424,TVDDEITHH,1,9,9,HLA-A*02:01,424,40,40,50284.021105218635,40,49901.08631020589,40,33952.66,67,0.0010143784167147658,35,11850.87,26
428,TYMDEIHHH,1,9,9,HLA-A*02:01,428,41,41,54755.78379528617,41,53593.2383614876,41,37741.2,80,0.00028602236939542834,15,20559.1,46
422,TVDDPITSH,1,9,9,HLA-A*02:01,422,41,41,59762.67108804254,42,56378.0434510054,41,33350.08,65,0.0007348522021921102,29,9455.23,22
262,YPYHHPSEC,1,9,9,HLA-A*02:01,262,41,50,34469.104446324476,36,27549.26394746652,33,35167.44,71,0.002004010533757659,50,19056.42,41
263,YWYHHPSEC,1,9,9,HLA-A*02:01,263,41,50,9024.642356989245,22,6398.968908333488,20,27822.95,50,0.0020086302551485906,50,18696.37,41
77,YHDPPIIWP,1,9,9,HLA-A*02:01,77,42,42,62723.45895649395,42,63111.71763481251,42,29400.78,54,0.00021652098793079264,13,22127.52,52
264,YWYHNPSEC,1,9,9,HLA-A*02:01,264,42,42,11979.260247660557,25,8572.549470057755,22,28285.55,51,0.001422001321518879,42,20532.95,46
39,FRDDHVPHQ,1,9,9,HLA-A*02:01,39,42,44,59214.76362615178,42,73639.3590855349,44,34591.94,69,0.000039454813968330114,2.3,11747.27,26
300,YRDDPPHAC,1,9,9,HLA-A*02:01,300,42,59,63449.76238050328,42,51893.14595075954,40,31880.89,61,0.0029764596536372722,59,7583.41,19
261,YPDHHPSEC,1,9,9,HLA-A*02:01,261,42,72,60454.690204355626,42,46143.44338858094,39,38258.82,82,0.005271084762363955,72,13896.56,29
423,TVDDPITHH,1,9,9,HLA-A*02:01,423,43,43,71355.91837013373,44,67625.42383240633,43,34344.66,69,0.0012195510936596845,38,11469.98,25
259,YPDHHNSEC,1,9,9,HLA-A*02:01,259,43,52,65679.5245058435,43,49786.316996507114,40,40108.2,89,0.0021473359748208527,52,17020.54,36
238,YDGDDVRSC,1,9,9,HLA-A*02:01,238,44,65,72850.07446029145,44,53593.2383614876,41,37492.52,80,0.0038344228144309195,65,17229.98,37
425,TVDDEIQHH,1,9,9,HLA-A*02:01,425,46,46,84806.66792371786,46,83967.26355342205,46,34682.63,70,0.00035172237737870354,17,10399.78,24
47,FRDIHVVHQ,1,9,9,HLA-A*02:01,47,46,46,288024.87711076904,61,335050.2914102041,63,26330.4,46,0.0007346830156985386,29,19636.54,43
46,FRDIPVVHQ,1,9,9,HLA-A*02:01,46,49,49,687749.0513247759,72,774657.9817076067,73,27730.39,49,0.0008631772787998136,32,21434.18,49
52,YRDPHIPSQ,1,9,9,HLA-A*02:01,52,49,51,103378.44611848705,49,121929.83890297617,51,34442.9,69,0.0001888426125223437,10,15061.9,32
53,YRDPHLPSQ,1,9,9,HLA-A*02:01,53,49,51,109252.15193331787,49,127970.539247416,51,33775.31,67,0.00035983218003888016,18,16931.18,36
214,YEGDHKVAC,1,9,9,HLA-A*02:01,214,49,81,102903.46530372478,49,102827.67115547815,49,37991.12,81,0.010947123056206447,87,14072.41,30
44,FRDIEVFHQ,1,9,9,HLA-A*02:01,44,53,42,146699.9615449696,53,173025.455013607,55,24421.71,42,0.0002729606225513583,15,22474.81,54
50,FRDIHIPSQ,1,9,9,HLA-A*02:01,50,53,55,151855.31604543646,53,172230.4752602574,55,31219.01,59,0.00007179595885446745,4.1,18938.19,41
51,YRDIHIPSQ,1,9,9,HLA-A*02:01,51,55,56,175561.78992207925,55,197292.23832194047,56,32827.05,64,0.0005573140604637262,24,20354.4,45
49,FRDIHVPSQ,1,9,9,HLA-A*02:01,49,55,57,178414.43952635257,55,202819.6364888066,57,32213.41,62,0.00009249111180764644,5.2,19575.25,43
429,TYDDEIHHH,1,9,9,HLA-A*02:01,429,56,56,208655.57837522074,57,196838.47876549346,56,38537.61,83,0.000991744955231414,34,15647.13,33
45,FRDIPVFHQ,1,9,9,HLA-A*02:01,45,57,43,208175.68386188976,57,234482.26470166098,59,25026.78,43,0.0003281708485445259,17,23387.19,58
48,FRDIHVPHQ,1,9,9,HLA-A*02:01,48,57,59,213024.71845912538,57,243282.0126333337,59,31789.26,60,0.00015349703821031352,8.2,20691.26,47